1.0 0.0005128205128205128
1.0 0.0010256410256410256
1.0 0.0015384615384615385
1.0 0.0020512820512820513
1.0 0.002564102564102564
1.0 0.003076923076923077
1.0 0.0035897435897435897
1.0 0.0041025641025641026
1.0 0.004615384615384616
1.0 0.005128205128205128
1.0 0.0056410256410256415
1.0 0.006153846153846154
1.0 0.006666666666666667
1.0 0.0071794871794871795
1.0 0.007692307692307693
1.0 0.008205128205128205
1.0 0.008717948717948718
1.0 0.009230769230769232
1.0 0.009743589743589744
1.0 0.010256410256410256
1.0 0.010769230769230769
1.0 0.011282051282051283
1.0 0.011794871794871795
1.0 0.012307692307692308
1.0 0.01282051282051282
1.0 0.013333333333333334
1.0 0.013846153846153847
1.0 0.014358974358974359
1.0 0.014871794871794871
1.0 0.015384615384615385
1.0 0.015897435897435898
0.96875 0.015897435897435898
0.9696969696969697 0.01641025641025641
0.9705882352941176 0.016923076923076923
0.9714285714285714 0.017435897435897435
0.9722222222222222 0.017948717948717947
0.972972972972973 0.018461538461538463
0.9736842105263158 0.018974358974358976
0.9743589743589743 0.019487179487179488
0.95 0.019487179487179488
0.9512195121951219 0.02
0.9523809523809523 0.020512820512820513
0.9534883720930233 0.021025641025641025
0.9545454545454546 0.021538461538461538
0.9555555555555556 0.02205128205128205
0.9565217391304348 0.022564102564102566
0.9574468085106383 0.023076923076923078
0.9583333333333334 0.02358974358974359
0.9591836734693877 0.024102564102564103
0.96 0.024615384615384615
0.9607843137254902 0.025128205128205128
0.9615384615384616 0.02564102564102564
0.9622641509433962 0.026153846153846153
0.9629629629629629 0.02666666666666667
0.9636363636363636 0.02717948717948718
0.9642857142857143 0.027692307692307693
0.9649122807017544 0.028205128205128206
0.9655172413793104 0.028717948717948718
0.9661016949152542 0.02923076923076923
0.95 0.02923076923076923
0.9344262295081968 0.02923076923076923
0.9354838709677419 0.029743589743589743
0.9206349206349206 0.029743589743589743
0.90625 0.029743589743589743
0.9076923076923077 0.030256410256410255
0.9090909090909091 0.03076923076923077
0.9104477611940298 0.03128205128205128
0.9117647058823529 0.031794871794871796
0.9130434782608695 0.03230769230769231
0.9142857142857143 0.03282051282051282
0.9154929577464789 0.03333333333333333
0.9027777777777778 0.03333333333333333
0.9041095890410958 0.033846153846153845
0.9054054054054054 0.03435897435897436
0.9066666666666666 0.03487179487179487
0.9078947368421053 0.03538461538461538
0.9090909090909091 0.035897435897435895
0.9102564102564102 0.03641025641025641
0.8987341772151899 0.03641025641025641
0.9 0.036923076923076927
0.9012345679012346 0.03743589743589744
0.9024390243902439 0.03794871794871795
0.9036144578313253 0.038461538461538464
0.9047619047619048 0.038974358974358976
0.9058823529411765 0.03948717948717949
0.9069767441860465 0.04
0.9080459770114943 0.04051282051282051
0.9090909090909091 0.041025641025641026
0.9101123595505618 0.04153846153846154
0.9111111111111111 0.04205128205128205
0.9120879120879121 0.04256410256410256
0.9130434782608695 0.043076923076923075
0.9139784946236559 0.04358974358974359
0.9042553191489362 0.04358974358974359
0.9052631578947369 0.0441025641025641
0.90625 0.04461538461538461
0.8969072164948454 0.04461538461538461
0.8979591836734694 0.04512820512820513
0.898989898989899 0.045641025641025644
0.9 0.046153846153846156
0.900990099009901 0.04666666666666667
0.9019607843137255 0.04717948717948718
0.9029126213592233 0.047692307692307694
0.9038461538461539 0.048205128205128206
0.9047619047619048 0.04871794871794872
0.9056603773584906 0.04923076923076923
0.9065420560747663 0.04974358974358974
0.8981481481481481 0.04974358974358974
0.8990825688073395 0.050256410256410255
0.9 0.05076923076923077
0.8918918918918919 0.05076923076923077
0.8928571428571429 0.05128205128205128
0.8938053097345132 0.05179487179487179
0.8947368421052632 0.052307692307692305
0.8869565217391304 0.052307692307692305
0.8793103448275862 0.052307692307692305
0.8803418803418803 0.05282051282051282
0.8813559322033898 0.05333333333333334
0.8823529411764706 0.05384615384615385
0.8833333333333333 0.05435897435897436
0.8842975206611571 0.054871794871794874
0.8852459016393442 0.055384615384615386
0.8861788617886179 0.0558974358974359
0.8870967741935484 0.05641025641025641
0.888 0.05692307692307692
0.8888888888888888 0.057435897435897436
0.889763779527559 0.05794871794871795
0.890625 0.05846153846153846
0.8914728682170543 0.05897435897435897
0.8923076923076924 0.059487179487179485
0.8931297709923665 0.06
0.8939393939393939 0.06051282051282051
0.8947368421052632 0.06102564102564102
0.8955223880597015 0.06153846153846154
0.8962962962962963 0.062051282051282054
0.8970588235294118 0.06256410256410257
0.8905109489051095 0.06256410256410257
0.8913043478260869 0.06307692307692307
0.8920863309352518 0.06358974358974359
0.8928571428571429 0.0641025641025641
0.8865248226950354 0.0641025641025641
0.8873239436619719 0.06461538461538462
0.8811188811188811 0.06461538461538462
0.8819444444444444 0.06512820512820512
0.8827586206896552 0.06564102564102564
0.8835616438356164 0.06615384615384616
0.8775510204081632 0.06615384615384616
0.8716216216216216 0.06615384615384616
0.87248322147651 0.06666666666666667
0.8733333333333333 0.06717948717948719
0.8741721854304636 0.06769230769230769
0.875 0.06820512820512821
0.8758169934640523 0.06871794871794872
0.8701298701298701 0.06871794871794872
0.8709677419354839 0.06923076923076923
0.8717948717948718 0.06974358974358974
0.8662420382165605 0.06974358974358974
0.8607594936708861 0.06974358974358974
0.8616352201257862 0.07025641025641026
0.8625 0.07076923076923076
0.8633540372670807 0.07128205128205128
0.8641975308641975 0.07179487179487179
0.8650306748466258 0.07230769230769231
0.8658536585365854 0.07282051282051281
0.8606060606060606 0.07282051282051281
0.8554216867469879 0.07282051282051281
0.8562874251497006 0.07333333333333333
0.8511904761904762 0.07333333333333333
0.8520710059171598 0.07384615384615385
0.8529411764705882 0.07435897435897436
0.8538011695906432 0.07487179487179488
0.8546511627906976 0.07538461538461538
0.8497109826589595 0.07538461538461538
0.8448275862068966 0.07538461538461538
0.8457142857142858 0.0758974358974359
0.8465909090909091 0.07641025641025641
0.847457627118644 0.07692307692307693
0.8426966292134831 0.07692307692307693
0.8435754189944135 0.07743589743589743
0.8388888888888889 0.07743589743589743
0.8397790055248618 0.07794871794871795
0.8406593406593407 0.07846153846153846
0.8415300546448088 0.07897435897435898
0.842391304347826 0.07948717948717948
0.8432432432432433 0.08
0.8440860215053764 0.08051282051282051
0.8449197860962567 0.08102564102564103
0.8457446808510638 0.08153846153846153
0.8465608465608465 0.08205128205128205
0.8473684210526315 0.08256410256410257
0.8481675392670157 0.08307692307692308
0.8489583333333334 0.0835897435897436
0.844559585492228 0.0835897435897436
0.845360824742268 0.0841025641025641
0.8461538461538461 0.08461538461538462
0.8469387755102041 0.08512820512820513
0.8426395939086294 0.08512820512820513
0.8434343434343434 0.08564102564102564
0.8391959798994975 0.08564102564102564
0.84 0.08615384615384615
0.8407960199004975 0.08666666666666667
0.8415841584158416 0.08717948717948718
0.8423645320197044 0.0876923076923077
0.8431372549019608 0.0882051282051282
0.8439024390243902 0.08871794871794872
0.8446601941747572 0.08923076923076922
0.8454106280193237 0.08974358974358974
0.8461538461538461 0.09025641025641026
0.84688995215311 0.09076923076923077
0.8476190476190476 0.09128205128205129
0.8483412322274881 0.0917948717948718
0.8490566037735849 0.09230769230769231
0.8497652582159625 0.09282051282051282
0.8504672897196262 0.09333333333333334
0.8511627906976744 0.09384615384615384
0.8518518518518519 0.09435897435897436
0.8525345622119815 0.09487179487179487
0.8532110091743119 0.09538461538461539
0.8538812785388128 0.09589743589743589
0.8545454545454545 0.09641025641025641
0.8552036199095022 0.09692307692307692
0.8513513513513513 0.09692307692307692
0.8475336322869955 0.09692307692307692
0.8482142857142857 0.09743589743589744
0.8488888888888889 0.09794871794871794
0.8451327433628318 0.09794871794871794
0.8458149779735683 0.09846153846153846
0.8464912280701754 0.09897435897435898
0.8471615720524017 0.09948717948717949
0.8478260869565217 0.1
0.8484848484848485 0.10051282051282051
0.8491379310344828 0.10102564102564103
0.8497854077253219 0.10153846153846154
0.8504273504273504 0.10205128205128206
0.8468085106382979 0.10205128205128206
0.847457627118644 0.10256410256410256
0.8481012658227848 0.10307692307692308
0.8445378151260504 0.10307692307692308
0.8451882845188284 0.10358974358974359
0.8458333333333333 0.1041025641025641
0.8423236514522822 0.1041025641025641
0.8429752066115702 0.10461538461538461
0.8436213991769548 0.10512820512820513
0.8401639344262295 0.10512820512820513
0.8408163265306122 0.10564102564102563
0.8414634146341463 0.10615384615384615
0.8421052631578947 0.10666666666666667
0.8387096774193549 0.10666666666666667
0.8393574297188755 0.10717948717948718
0.84 0.1076923076923077
0.8406374501992032 0.1082051282051282
0.8412698412698413 0.10871794871794872
0.841897233201581 0.10923076923076923
0.84251968503937 0.10974358974358975
0.8431372549019608 0.11025641025641025
0.84375 0.11076923076923077
0.8404669260700389 0.11076923076923077
0.8410852713178295 0.11128205128205128
0.8416988416988417 0.1117948717948718
0.8423076923076923 0.1123076923076923
0.842911877394636 0.11282051282051282
0.8435114503816794 0.11333333333333333
0.844106463878327 0.11384615384615385
0.8409090909090909 0.11384615384615385
0.8415094339622642 0.11435897435897435
0.8421052631578947 0.11487179487179487
0.8389513108614233 0.11487179487179487
0.8395522388059702 0.11538461538461539
0.8401486988847584 0.1158974358974359
0.8407407407407408 0.11641025641025642
0.8413284132841329 0.11692307692307692
0.8419117647058824 0.11743589743589744
0.8424908424908425 0.11794871794871795
0.843065693430657 0.11846153846153847
0.8436363636363636 0.11897435897435897
0.8442028985507246 0.11948717948717949
0.8447653429602888 0.12
0.8453237410071942 0.12051282051282051
0.8422939068100358 0.12051282051282051
0.8392857142857143 0.12051282051282051
0.8398576512455516 0.12102564102564102
0.8368794326241135 0.12102564102564102
0.8374558303886925 0.12153846153846154
0.8380281690140845 0.12205128205128205
0.8385964912280702 0.12256410256410256
0.8356643356643356 0.12256410256410256
0.8362369337979094 0.12307692307692308
0.8368055555555556 0.12358974358974359
0.8373702422145328 0.12410256410256411
0.8379310344827586 0.12461538461538461
0.8384879725085911 0.12512820512820513
0.8356164383561644 0.12512820512820513
0.8361774744027304 0.12564102564102564
0.8367346938775511 0.12615384615384614
0.8372881355932204 0.12666666666666668
0.8378378378378378 0.12717948717948718
0.8383838383838383 0.1276923076923077
0.8389261744966443 0.1282051282051282
0.8394648829431438 0.12871794871794873
0.84 0.12923076923076923
0.840531561461794 0.12974358974358974
0.8410596026490066 0.13025641025641024
0.8415841584158416 0.13076923076923078
0.8421052631578947 0.13128205128205128
0.8426229508196721 0.1317948717948718
0.8431372549019608 0.13230769230769232
0.8436482084690554 0.13282051282051283
0.8441558441558441 0.13333333333333333
0.8446601941747572 0.13384615384615384
0.8419354838709677 0.13384615384615384
0.842443729903537 0.13435897435897437
0.842948717948718 0.13487179487179488
0.8402555910543131 0.13487179487179488
0.8407643312101911 0.13538461538461538
0.8412698412698413 0.1358974358974359
0.8386075949367089 0.1358974358974359
0.8391167192429022 0.13641025641025642
0.839622641509434 0.13692307692307693
0.8369905956112853 0.13692307692307693
0.834375 0.13692307692307693
0.8348909657320872 0.13743589743589743
0.8354037267080745 0.13794871794871794
0.8359133126934984 0.13846153846153847
0.8333333333333334 0.13846153846153847
0.8338461538461538 0.13897435897435897
0.8312883435582822 0.13897435897435897
0.8318042813455657 0.13948717948717948
0.8323170731707317 0.14
0.8328267477203647 0.14051282051282052
0.8303030303030303 0.14051282051282052
0.8277945619335347 0.14051282051282052
0.8283132530120482 0.14102564102564102
0.8258258258258259 0.14102564102564102
0.8233532934131736 0.14102564102564102
0.8238805970149253 0.14153846153846153
0.8244047619047619 0.14205128205128206
0.8249258160237388 0.14256410256410257
0.8254437869822485 0.14307692307692307
0.8230088495575221 0.14307692307692307
0.8235294117647058 0.14358974358974358
0.8240469208211144 0.1441025641025641
0.8245614035087719 0.14461538461538462
0.8250728862973761 0.14512820512820512
0.8255813953488372 0.14564102564102563
0.8231884057971014 0.14564102564102563
0.8208092485549133 0.14564102564102563
0.8213256484149856 0.14615384615384616
0.8189655172413793 0.14615384615384616
0.8194842406876791 0.14666666666666667
0.82 0.14717948717948717
0.8205128205128205 0.1476923076923077
0.8210227272727273 0.1482051282051282
0.8215297450424929 0.14871794871794872
0.8220338983050848 0.14923076923076922
0.8225352112676056 0.14974358974358976
0.8230337078651685 0.15025641025641026
0.8207282913165266 0.15025641025641026
0.8184357541899442 0.15025641025641026
0.8189415041782729 0.15076923076923077
0.8194444444444444 0.15128205128205127
0.8199445983379502 0.1517948717948718
0.8176795580110497 0.1517948717948718
0.8154269972451791 0.1517948717948718
0.8159340659340659 0.1523076923076923
0.8164383561643835 0.15282051282051282
0.8169398907103825 0.15333333333333332
0.8174386920980926 0.15384615384615385
0.8152173913043478 0.15384615384615385
0.8157181571815718 0.15435897435897436
0.8135135135135135 0.15435897435897436
0.8113207547169812 0.15435897435897436
0.8118279569892473 0.15487179487179487
0.8096514745308311 0.15487179487179487
0.8101604278074866 0.15538461538461537
0.8106666666666666 0.1558974358974359
0.8085106382978723 0.1558974358974359
0.8090185676392573 0.1564102564102564
0.8095238095238095 0.15692307692307692
0.8073878627968337 0.15692307692307692
0.8078947368421052 0.15743589743589745
0.8083989501312336 0.15794871794871795
0.8089005235602095 0.15846153846153846
0.8093994778067886 0.15897435897435896
0.8098958333333334 0.1594871794871795
0.8077922077922078 0.1594871794871795
0.805699481865285 0.1594871794871795
0.8036175710594315 0.1594871794871795
0.8041237113402062 0.16
0.8046272493573264 0.1605128205128205
0.8025641025641026 0.1605128205128205
0.80306905370844 0.16102564102564101
0.8035714285714286 0.16153846153846155
0.8040712468193384 0.16205128205128205
0.8045685279187818 0.16256410256410256
0.8025316455696202 0.16256410256410256
0.803030303030303 0.16307692307692306
0.8035264483627204 0.1635897435897436
0.8040201005025126 0.1641025641025641
0.8020050125313283 0.1641025641025641
0.8025 0.1646153846153846
0.800498753117207 0.1646153846153846
0.8009950248756219 0.16512820512820514
0.8014888337468983 0.16564102564102565
0.801980198019802 0.16615384615384615
0.8024691358024691 0.16666666666666666
0.8029556650246306 0.1671794871794872
0.800982800982801 0.1671794871794872
0.8014705882352942 0.1676923076923077
0.8019559902200489 0.1682051282051282
0.802439024390244 0.1687179487179487
0.8029197080291971 0.16923076923076924
0.8033980582524272 0.16974358974358975
0.8038740920096852 0.17025641025641025
0.8043478260869565 0.17076923076923076
0.8048192771084337 0.1712820512820513
0.8028846153846154 0.1712820512820513
0.8033573141486811 0.1717948717948718
0.8014354066985646 0.1717948717948718
0.801909307875895 0.1723076923076923
0.8023809523809524 0.17282051282051283
0.8028503562945368 0.17333333333333334
0.8009478672985783 0.17333333333333334
0.8014184397163121 0.17384615384615384
0.7995283018867925 0.17384615384615384
0.8 0.17435897435897435
0.8004694835680751 0.17487179487179488
0.8009367681498829 0.1753846153846154
0.8014018691588785 0.1758974358974359
0.7995337995337995 0.1758974358974359
0.8 0.1764102564102564
0.8004640371229699 0.17692307692307693
0.7986111111111112 0.17692307692307693
0.7990762124711316 0.17743589743589744
0.7995391705069125 0.17794871794871794
0.8 0.17846153846153845
0.7981651376146789 0.17846153846153845
0.7986270022883295 0.17897435897435898
0.7968036529680366 0.17897435897435898
0.7972665148063781 0.1794871794871795
0.7977272727272727 0.18
0.7981859410430839 0.18051282051282053
0.7986425339366516 0.18102564102564103
0.7990970654627539 0.18153846153846154
0.7995495495495496 0.18205128205128204
0.8 0.18256410256410258
0.7982062780269058 0.18256410256410258
0.7986577181208053 0.18307692307692308
0.7991071428571429 0.1835897435897436
0.799554565701559 0.1841025641025641
0.7977777777777778 0.1841025641025641
0.7982261640798226 0.18461538461538463
0.7964601769911505 0.18461538461538463
0.7969094922737306 0.18512820512820513
0.7973568281938326 0.18564102564102564
0.7978021978021979 0.18615384615384614
0.7960526315789473 0.18615384615384614
0.7964989059080962 0.18666666666666668
0.7947598253275109 0.18666666666666668
0.7952069716775599 0.18717948717948718
0.7934782608695652 0.18717948717948718
0.7939262472885033 0.18769230769230769
0.7943722943722944 0.1882051282051282
0.7926565874730022 0.1882051282051282
0.7931034482758621 0.18871794871794872
0.7935483870967742 0.18923076923076923
0.7939914163090128 0.18974358974358974
0.7922912205567452 0.18974358974358974
0.7905982905982906 0.18974358974358974
0.7889125799573561 0.18974358974358974
0.7872340425531915 0.18974358974358974
0.7876857749469215 0.19025641025641027
0.788135593220339 0.19076923076923077
0.7885835095137421 0.19128205128205128
0.7890295358649789 0.19179487179487179
0.7894736842105263 0.19230769230769232
0.7878151260504201 0.19230769230769232
0.7861635220125787 0.19230769230769232
0.7866108786610879 0.19282051282051282
0.7870563674321504 0.19333333333333333
0.7854166666666667 0.19333333333333333
0.7858627858627859 0.19384615384615383
0.7863070539419087 0.19435897435897437
0.7846790890269151 0.19435897435897437
0.7851239669421488 0.19487179487179487
0.7855670103092783 0.19538461538461538
0.7860082304526749 0.19589743589743588
0.7864476386036962 0.19641025641025642
0.7868852459016393 0.19692307692307692
0.7852760736196319 0.19692307692307692
0.7857142857142857 0.19743589743589743
0.7861507128309573 0.19794871794871796
0.7845528455284553 0.19794871794871796
0.7849898580121704 0.19846153846153847
0.7854251012145749 0.19897435897435897
0.7858585858585858 0.19948717948717948
0.7862903225806451 0.2
0.7847082494969819 0.2
0.785140562248996 0.20051282051282052
0.7855711422845691 0.20102564102564102
0.786 0.20153846153846153
0.7844311377245509 0.20153846153846153
0.7848605577689243 0.20205128205128206
0.7833001988071571 0.20205128205128206
0.7817460317460317 0.20205128205128206
0.7801980198019802 0.20205128205128206
0.7786561264822134 0.20205128205128206
0.7790927021696252 0.20256410256410257
0.7775590551181102 0.20256410256410257
0.7779960707269156 0.20307692307692307
0.7784313725490196 0.20358974358974358
0.7788649706457925 0.2041025641025641
0.779296875 0.20461538461538462
0.7797270955165692 0.20512820512820512
0.7801556420233463 0.20564102564102565
0.7805825242718447 0.20615384615384616
0.7790697674418605 0.20615384615384616
0.7775628626692457 0.20615384615384616
0.7760617760617761 0.20615384615384616
0.7745664739884393 0.20615384615384616
0.775 0.20666666666666667
0.7754318618042226 0.20717948717948717
0.7758620689655172 0.2076923076923077
0.7762906309751434 0.2082051282051282
0.7767175572519084 0.20871794871794871
0.7752380952380953 0.20871794871794871
0.7756653992395437 0.20923076923076922
0.7741935483870968 0.20923076923076922
0.7727272727272727 0.20923076923076922
0.7731568998109641 0.20974358974358975
0.7735849056603774 0.21025641025641026
0.7740112994350282 0.21076923076923076
0.7744360902255639 0.21128205128205127
0.774859287054409 0.2117948717948718
0.7752808988764045 0.2123076923076923
0.7757009345794392 0.2128205128205128
0.7761194029850746 0.21333333333333335
0.776536312849162 0.21384615384615385
0.7769516728624535 0.21435897435897436
0.7773654916512059 0.21487179487179486
0.7777777777777778 0.2153846153846154
0.7781885397412199 0.2158974358974359
0.7785977859778598 0.2164102564102564
0.7790055248618785 0.2169230769230769
0.7775735294117647 0.2169230769230769
0.7779816513761468 0.21743589743589745
0.7783882783882784 0.21794871794871795
0.7769652650822669 0.21794871794871795
0.7773722627737226 0.21846153846153846
0.7777777777777778 0.21897435897435896
0.7781818181818182 0.2194871794871795
0.778584392014519 0.22
0.7789855072463768 0.2205128205128205
0.779385171790235 0.221025641025641
0.779783393501805 0.22153846153846155
0.7801801801801802 0.22205128205128205
0.7805755395683454 0.22256410256410256
0.7809694793536804 0.2230769230769231
0.7813620071684588 0.2235897435897436
0.7799642218246869 0.2235897435897436
0.7785714285714286 0.2235897435897436
0.7789661319073083 0.2241025641025641
0.7775800711743772 0.2241025641025641
0.7779751332149201 0.2246153846153846
0.7783687943262412 0.22512820512820514
0.7769911504424779 0.22512820512820514
0.7773851590106007 0.22564102564102564
0.7760141093474426 0.22564102564102564
0.7764084507042254 0.22615384615384615
0.7768014059753954 0.22666666666666666
0.7771929824561403 0.2271794871794872
0.7775831873905429 0.2276923076923077
0.777972027972028 0.2282051282051282
0.7783595113438045 0.2287179487179487
0.7787456445993032 0.22923076923076924
0.7791304347826087 0.22974358974358974
0.7777777777777778 0.22974358974358974
0.7764298093587522 0.22974358974358974
0.7768166089965398 0.23025641025641025
0.7772020725388601 0.23076923076923078
0.7758620689655172 0.23076923076923078
0.774526678141136 0.23076923076923078
0.7731958762886598 0.23076923076923078
0.7735849056603774 0.2312820512820513
0.7722602739726028 0.2312820512820513
0.770940170940171 0.2312820512820513
0.7696245733788396 0.2312820512820513
0.7700170357751278 0.2317948717948718
0.7687074829931972 0.2317948717948718
0.767402376910017 0.2317948717948718
0.7661016949152543 0.2317948717948718
0.766497461928934 0.2323076923076923
0.7668918918918919 0.23282051282051283
0.7655986509274874 0.23282051282051283
0.765993265993266 0.23333333333333334
0.7663865546218488 0.23384615384615384
0.7667785234899329 0.23435897435897435
0.7671691792294807 0.23487179487179488
0.7658862876254181 0.23487179487179488
0.7646076794657763 0.23487179487179488
0.765 0.2353846153846154
0.7653910149750416 0.2358974358974359
0.7641196013289037 0.2358974358974359
0.7628524046434494 0.2358974358974359
0.7632450331125827 0.2364102564102564
0.7619834710743801 0.2364102564102564
0.7607260726072608 0.2364102564102564
0.7594728171334432 0.2364102564102564
0.7598684210526315 0.23692307692307693
0.7602627257799671 0.23743589743589744
0.759016393442623 0.23743589743589744
0.7594108019639935 0.23794871794871794
0.7598039215686274 0.23846153846153847
0.7601957585644372 0.23897435897435898
0.760586319218241 0.23948717948717949
0.7609756097560976 0.24
0.7597402597402597 0.24
0.7601296596434359 0.24051282051282052
0.7588996763754046 0.24051282051282052
0.7592891760904685 0.24102564102564103
0.7596774193548387 0.24153846153846154
0.7600644122383253 0.24205128205128204
0.7588424437299035 0.24205128205128204
0.7592295345104334 0.24256410256410257
0.7580128205128205 0.24256410256410257
0.7584 0.24307692307692308
0.7587859424920128 0.24358974358974358
0.759170653907496 0.2441025641025641
0.7595541401273885 0.24461538461538462
0.7583465818759937 0.24461538461538462
0.7571428571428571 0.24461538461538462
0.757527733755943 0.24512820512820513
0.7579113924050633 0.24564102564102563
0.7582938388625592 0.24615384615384617
0.7586750788643533 0.24666666666666667
0.75748031496063 0.24666666666666667
0.7578616352201258 0.24717948717948718
0.7582417582417582 0.24769230769230768
0.7586206896551724 0.24820512820512822
0.758998435054773 0.24871794871794872
0.759375 0.24923076923076923
0.7597503900156006 0.24974358974358973
0.7601246105919003 0.25025641025641027
0.76049766718507 0.25076923076923074
0.7608695652173914 0.2512820512820513
0.7612403100775194 0.2517948717948718
0.760061919504644 0.2517948717948718
0.7604327666151468 0.2523076923076923
0.7592592592592593 0.2523076923076923
0.7580893682588598 0.2523076923076923
0.7569230769230769 0.2523076923076923
0.7572964669738863 0.2528205128205128
0.7576687116564417 0.25333333333333335
0.7580398162327718 0.25384615384615383
0.7584097859327217 0.25435897435897437
0.7587786259541984 0.2548717948717949
0.7591463414634146 0.2553846153846154
0.7579908675799086 0.2553846153846154
0.7583586626139818 0.2558974358974359
0.7587253414264037 0.2564102564102564
0.759090909090909 0.2569230769230769
0.7594553706505295 0.25743589743589745
0.7583081570996979 0.25743589743589745
0.7586726998491704 0.25794871794871793
0.7575301204819277 0.25794871794871793
0.7563909774436091 0.25794871794871793
0.7567567567567568 0.25846153846153846
0.7556221889055472 0.25846153846153846
0.7544910179640718 0.25846153846153846
0.7548579970104634 0.258974358974359
0.753731343283582 0.258974358974359
0.7540983606557377 0.2594871794871795
0.7529761904761905 0.2594871794871795
0.7533432392273403 0.26
0.7537091988130564 0.2605128205128205
0.7540740740740741 0.261025641025641
0.7529585798816568 0.261025641025641
0.7533234859675036 0.26153846153846155
0.7522123893805309 0.26153846153846155
0.7511045655375552 0.26153846153846155
0.75 0.26153846153846155
0.750367107195301 0.26205128205128203
0.750733137829912 0.26256410256410256
0.7496339677891655 0.26256410256410256
0.75 0.2630769230769231
0.7503649635036497 0.2635897435897436
0.749271137026239 0.2635897435897436
0.7496360989810772 0.2641025641025641
0.75 0.26461538461538464
0.7503628447024674 0.2651282051282051
0.7507246376811594 0.26564102564102565
0.7510853835021708 0.26615384615384613
0.7514450867052023 0.26666666666666666
0.7503607503607503 0.26666666666666666
0.7492795389048992 0.26666666666666666
0.7496402877697842 0.2671794871794872
0.7485632183908046 0.2671794871794872
0.7474892395982783 0.2671794871794872
0.7478510028653295 0.2676923076923077
0.748211731044349 0.2682051282051282
0.7485714285714286 0.26871794871794874
0.7475035663338089 0.26871794871794874
0.7478632478632479 0.2692307692307692
0.748221906116643 0.26974358974358975
0.7485795454545454 0.27025641025641023
0.7489361702127659 0.27076923076923076
0.7478753541076487 0.27076923076923076
0.7468175388967468 0.27076923076923076
0.7457627118644068 0.27076923076923076
0.7447108603667136 0.27076923076923076
0.7436619718309859 0.27076923076923076
0.7440225035161744 0.2712820512820513
0.7429775280898876 0.2712820512820513
0.7433380084151473 0.2717948717948718
0.742296918767507 0.2717948717948718
0.7426573426573426 0.2723076923076923
0.7430167597765364 0.27282051282051284
0.7433751743375174 0.2733333333333333
0.7423398328690808 0.2733333333333333
0.741307371349096 0.2733333333333333
0.7416666666666667 0.27384615384615385
0.7420249653259362 0.2743589743589744
0.7409972299168975 0.2743589743589744
0.739972337482711 0.2743589743589744
0.7403314917127072 0.27487179487179486
0.7406896551724138 0.2753846153846154
0.7396694214876033 0.2753846153846154
0.7386519944979367 0.2753846153846154
0.739010989010989 0.27589743589743587
0.7393689986282579 0.2764102564102564
0.7397260273972602 0.27692307692307694
0.7387140902872777 0.27692307692307694
0.7390710382513661 0.2774358974358974
0.7394270122783083 0.27794871794871795
0.7384196185286104 0.27794871794871795
0.7387755102040816 0.2784615384615385
0.7391304347826086 0.27897435897435896
0.7394843962008141 0.2794871794871795
0.7398373983739838 0.28
0.7401894451962111 0.2805128205128205
0.7405405405405405 0.28102564102564104
0.7408906882591093 0.2815384615384615
0.7412398921832885 0.28205128205128205
0.7415881561238223 0.2825641025641026
0.7405913978494624 0.2825641025641026
0.7395973154362416 0.2825641025641026
0.739946380697051 0.28307692307692306
0.7402945113788487 0.2835897435897436
0.7406417112299465 0.2841025641025641
0.739652870493992 0.2841025641025641
0.7386666666666667 0.2841025641025641
0.7376830892143809 0.2841025641025641
0.738031914893617 0.2846153846153846
0.7370517928286853 0.2846153846153846
0.7374005305039788 0.28512820512820514
0.7364238410596027 0.28512820512820514
0.7367724867724867 0.2856410256410256
0.7371202113606341 0.28615384615384615
0.737467018469657 0.2866666666666667
0.7378129117259552 0.28717948717948716
0.7381578947368421 0.2876923076923077
0.7385019710906702 0.2882051282051282
0.7375328083989501 0.2882051282051282
0.7365661861074705 0.2882051282051282
0.7356020942408377 0.2882051282051282
0.7359477124183007 0.2887179487179487
0.7349869451697127 0.2887179487179487
0.7340286831812256 0.2887179487179487
0.7330729166666666 0.2887179487179487
0.7334200260078023 0.28923076923076924
0.7324675324675325 0.28923076923076924
0.7328145265888456 0.28974358974358977
0.7331606217616581 0.29025641025641025
0.7322121604139715 0.29025641025641025
0.7312661498708011 0.29025641025641025
0.7303225806451613 0.29025641025641025
0.7306701030927835 0.2907692307692308
0.7297297297297297 0.2907692307692308
0.7287917737789203 0.2907692307692308
0.7291399229781772 0.29128205128205126
0.7294871794871794 0.2917948717948718
0.7298335467349552 0.2923076923076923
0.7289002557544757 0.2923076923076923
0.7292464878671775 0.2928205128205128
0.7295918367346939 0.29333333333333333
0.729936305732484 0.29384615384615387
0.7290076335877863 0.29384615384615387
0.7293519695044473 0.29435897435897435
0.7284263959390863 0.29435897435897435
0.7275031685678074 0.29435897435897435
0.7278481012658228 0.2948717948717949
0.7281921618204804 0.2953846153846154
0.7272727272727273 0.2953846153846154
0.7263556116015133 0.2953846153846154
0.7267002518891688 0.2958974358974359
0.7257861635220125 0.2958974358974359
0.7261306532663316 0.2964102564102564
0.726474278544542 0.2969230769230769
0.7255639097744361 0.2969230769230769
0.7246558197747184 0.2969230769230769
0.72375 0.2969230769230769
0.7240948813982522 0.29743589743589743
0.7244389027431422 0.29794871794871797
0.7247820672478207 0.29846153846153844
0.7251243781094527 0.298974358974359
0.7254658385093168 0.2994871794871795
0.7258064516129032 0.3
0.7261462205700124 0.3005128205128205
0.7252475247524752 0.3005128205128205
0.7243510506798516 0.3005128205128205
0.7246913580246913 0.301025641025641
0.7237977805178791 0.301025641025641
0.7241379310344828 0.30153846153846153
0.7232472324723247 0.30153846153846153
0.7235872235872236 0.30205128205128207
0.7226993865030675 0.30205128205128207
0.7218137254901961 0.30205128205128207
0.7209302325581395 0.30205128205128207
0.7212713936430318 0.30256410256410254
0.7203907203907204 0.30256410256410254
0.7195121951219512 0.30256410256410254
0.7198538367844093 0.3030769230769231
0.7201946472019465 0.3035897435897436
0.7205346294046172 0.3041025641025641
0.7196601941747572 0.3041025641025641
0.7187878787878788 0.3041025641025641
0.7191283292978208 0.3046153846153846
0.7182587666263603 0.3046153846153846
0.717391304347826 0.3046153846153846
0.7177322074788902 0.30512820512820515
0.7180722891566265 0.30564102564102563
0.7184115523465704 0.30615384615384617
0.71875 0.30666666666666664
0.7178871548619448 0.30666666666666664
0.7182254196642686 0.3071794871794872
0.7173652694610778 0.3071794871794872
0.7177033492822966 0.3076923076923077
0.7180406212664278 0.3082051282051282
0.7183770883054893 0.3087179487179487
0.7187127532777116 0.30923076923076925
0.719047619047619 0.30974358974358973
0.718192627824019 0.30974358974358973
0.7185273159144893 0.31025641025641026
0.7176749703440095 0.31025641025641026
0.7180094786729858 0.31076923076923074
0.7171597633136094 0.31076923076923074
0.7174940898345153 0.3112820512820513
0.7166469893742621 0.3112820512820513
0.7158018867924528 0.3112820512820513
0.7149587750294464 0.3112820512820513
0.7152941176470589 0.3117948717948718
0.7156286721504113 0.3123076923076923
0.7147887323943662 0.3123076923076923
0.7151230949589683 0.3128205128205128
0.7142857142857143 0.3128205128205128
0.7134502923976608 0.3128205128205128
0.7137850467289719 0.31333333333333335
0.7141190198366394 0.31384615384615383
0.7144522144522144 0.31435897435897436
0.7136204889406287 0.31435897435897436
0.7127906976744186 0.31435897435897436
0.7131242740998839 0.3148717948717949
0.7134570765661253 0.3153846153846154
0.7137891077636153 0.3158974358974359
0.7129629629629629 0.3158974358974359
0.7121387283236994 0.3158974358974359
0.7124711316397229 0.3164102564102564
0.71280276816609 0.3169230769230769
0.7131336405529954 0.31743589743589745
0.7123130034522439 0.31743589743589745
0.7126436781609196 0.31794871794871793
0.711825487944891 0.31794871794871793
0.7121559633027523 0.31846153846153846
0.711340206185567 0.31846153846153846
0.7116704805491991 0.318974358974359
0.7108571428571429 0.318974358974359
0.7111872146118722 0.3194871794871795
0.7115165336374002 0.32
0.7107061503416856 0.32
0.7098976109215017 0.32
0.7090909090909091 0.32
0.7082860385925085 0.32
0.7086167800453514 0.32051282051282054
0.7089467723669309 0.321025641025641
0.7092760180995475 0.32153846153846155
0.7084745762711865 0.32153846153846155
0.708803611738149 0.32205128205128203
0.7091319052987599 0.32256410256410256
0.7094594594594594 0.3230769230769231
0.7097862767154106 0.3235897435897436
0.7101123595505618 0.3241025641025641
0.7093153759820426 0.3241025641025641
0.7096412556053812 0.32461538461538464
0.70996640537514 0.3251282051282051
0.70917225950783 0.3251282051282051
0.7094972067039106 0.32564102564102565
0.7098214285714286 0.3261538461538461
0.7090301003344481 0.3261538461538461
0.7093541202672605 0.32666666666666666
0.7096774193548387 0.3271794871794872
0.71 0.32769230769230767
0.709211986681465 0.32769230769230767
0.7095343680709535 0.3282051282051282
0.70874861572536 0.3282051282051282
0.709070796460177 0.32871794871794874
0.7093922651933702 0.3292307692307692
0.7097130242825607 0.32974358974358975
0.7100330760749725 0.3302564102564103
0.7092511013215859 0.3302564102564103
0.7084708470847084 0.3302564102564103
0.7076923076923077 0.3302564102564103
0.70801317233809 0.33076923076923076
0.7083333333333334 0.3312820512820513
0.7086527929901424 0.33179487179487177
0.7078774617067833 0.33179487179487177
0.7071038251366121 0.33179487179487177
0.7063318777292577 0.33179487179487177
0.7066521264994547 0.3323076923076923
0.7069716775599129 0.33282051282051284
0.7072905331882481 0.3333333333333333
0.7065217391304348 0.3333333333333333
0.7057546145494028 0.3333333333333333
0.7060737527114967 0.33384615384615385
0.7063921993499458 0.3343589743589744
0.7056277056277056 0.3343589743589744
0.705945945945946 0.33487179487179486
0.7051835853131749 0.33487179487179486
0.7044228694714132 0.33487179487179486
0.7047413793103449 0.3353846153846154
0.7039827771797632 0.3353846153846154
0.7043010752688172 0.33589743589743587
0.7046186895810956 0.3364102564102564
0.703862660944206 0.3364102564102564
0.7031082529474812 0.3364102564102564
0.702355460385439 0.3364102564102564
0.7016042780748664 0.3364102564102564
0.7019230769230769 0.33692307692307694
0.7011739594450374 0.33692307692307694
0.7004264392324094 0.33692307692307694
0.6996805111821086 0.33692307692307694
0.698936170212766 0.33692307692307694
0.6992561105207227 0.3374358974358974
0.6985138004246284 0.3374358974358974
0.6977730646871686 0.3374358974358974
0.698093220338983 0.33794871794871795
0.6973544973544974 0.33794871794871795
0.6966173361522199 0.33794871794871795
0.6969376979936642 0.3384615384615385
0.6972573839662447 0.33897435897435896
0.6965226554267651 0.33897435897435896
0.6968421052631579 0.3394871794871795
0.6961093585699264 0.3394871794871795
0.6953781512605042 0.3394871794871795
0.695697796432319 0.34
0.6960167714884696 0.3405128205128205
0.6952879581151833 0.3405128205128205
0.6956066945606695 0.34102564102564104
0.6959247648902821 0.3415384615384615
0.6962421711899791 0.34205128205128205
0.6965589155370178 0.3425641025641026
0.696875 0.34307692307692306
0.6971904266389178 0.3435897435897436
0.6975051975051975 0.3441025641025641
0.6978193146417445 0.3446153846153846
0.6981327800829875 0.34512820512820513
0.6974093264248704 0.34512820512820513
0.6977225672877847 0.34564102564102567
0.6970010341261634 0.34564102564102567
0.6962809917355371 0.34564102564102567
0.6965944272445821 0.34615384615384615
0.6969072164948453 0.3466666666666667
0.6972193614830072 0.34717948717948716
0.6975308641975309 0.3476923076923077
0.697841726618705 0.3482051282051282
0.6981519507186859 0.3487179487179487
0.6984615384615385 0.34923076923076923
0.6987704918032787 0.34974358974358977
0.6980552712384852 0.34974358974358977
0.6983640081799591 0.35025641025641024
0.6976506639427987 0.35025641025641024
0.6969387755102041 0.35025641025641024
0.6972477064220184 0.3507692307692308
0.6965376782077393 0.3507692307692308
0.6958290946083419 0.3507692307692308
0.6951219512195121 0.3507692307692308
0.6954314720812182 0.35128205128205126
0.6957403651115619 0.3517948717948718
0.6960486322188449 0.3523076923076923
0.6953441295546559 0.3523076923076923
0.6956521739130435 0.3528205128205128
0.695959595959596 0.35333333333333333
0.6952573158425832 0.35333333333333333
0.6955645161290323 0.35384615384615387
0.6958710976837865 0.35435897435897434
0.6961770623742455 0.3548717948717949
0.6964824120603015 0.3553846153846154
0.6957831325301205 0.3553846153846154
0.695085255767302 0.3553846153846154
0.6943887775551102 0.3553846153846154
0.6946946946946947 0.3558974358974359
0.694 0.3558974358974359
0.6943056943056943 0.3564102564102564
0.6936127744510978 0.3564102564102564
0.6929212362911267 0.3564102564102564
0.6922310756972112 0.3564102564102564
0.6925373134328359 0.3569230769230769
0.6928429423459245 0.35743589743589743
0.6931479642502483 0.35794871794871796
0.6924603174603174 0.35794871794871796
0.6927651139742319 0.35846153846153844
0.693069306930693 0.358974358974359
0.6923837784371909 0.358974358974359
0.6926877470355731 0.3594871794871795
0.6920039486673247 0.3594871794871795
0.6913214990138067 0.3594871794871795
0.6916256157635468 0.36
0.6909448818897638 0.36
0.6902654867256637 0.36
0.6905697445972495 0.3605128205128205
0.6908734052993131 0.36102564102564105
0.6901960784313725 0.36102564102564105
0.6895200783545543 0.36102564102564105
0.6898238747553816 0.36153846153846153
0.6901270772238515 0.36205128205128206
0.689453125 0.36205128205128206
0.688780487804878 0.36205128205128206
0.6881091617933723 0.36205128205128206
0.688412852969815 0.36256410256410254
0.688715953307393 0.3630769230769231
0.6880466472303207 0.3630769230769231
0.6883495145631068 0.3635897435897436
0.6876818622696411 0.3635897435897436
0.687984496124031 0.3641025641025641
0.6882865440464666 0.3646153846153846
0.688588007736944 0.36512820512820515
0.6879227053140097 0.36512820512820515
0.6882239382239382 0.36564102564102563
0.6885245901639344 0.36615384615384616
0.6888246628131022 0.36666666666666664
0.6891241578440809 0.3671794871794872
0.6884615384615385 0.3671794871794872
0.6878001921229587 0.3671794871794872
0.6880998080614203 0.3676923076923077
0.6874400767018217 0.3676923076923077
0.6877394636015326 0.3682051282051282
0.6880382775119617 0.3687179487179487
0.6873804971319312 0.3687179487179487
0.6876790830945558 0.36923076923076925
0.6870229007633588 0.36923076923076925
0.6863679694947569 0.36923076923076925
0.6866666666666666 0.36974358974358973
0.6860133206470028 0.36974358974358973
0.685361216730038 0.36974358974358973
0.6847103513770181 0.36974358974358973
0.6850094876660342 0.37025641025641026
0.6843601895734597 0.37025641025641026
0.6846590909090909 0.3707692307692308
0.6840113528855251 0.3707692307692308
0.6843100189035917 0.3712820512820513
0.6846081208687441 0.3717948717948718
0.6839622641509434 0.3717948717948718
0.6842601319509897 0.3723076923076923
0.684557438794727 0.3728205128205128
0.6848541862652869 0.37333333333333335
0.6842105263157895 0.37333333333333335
0.6835680751173709 0.37333333333333335
0.6838649155722326 0.37384615384615383
0.6841611996251171 0.37435897435897436
0.6835205992509363 0.37435897435897436
0.6828811973807296 0.37435897435897436
0.6822429906542056 0.37435897435897436
0.6825396825396826 0.3748717948717949
0.6819029850746269 0.3748717948717949
0.6812674743709226 0.3748717948717949
0.680633147113594 0.3748717948717949
0.6809302325581396 0.37538461538461537
0.6802973977695167 0.37538461538461537
0.680594243268338 0.3758974358974359
0.6808905380333952 0.3764102564102564
0.680259499536608 0.3764102564102564
0.6805555555555556 0.3769230769230769
0.6799259944495837 0.3769230769230769
0.6792975970425139 0.3769230769230769
0.6786703601108033 0.3769230769230769
0.6789667896678967 0.37743589743589745
0.6792626728110599 0.3779487179487179
0.6795580110497238 0.37846153846153846
0.6789328426862925 0.37846153846153846
0.6792279411764706 0.378974358974359
0.6786042240587695 0.378974358974359
0.6779816513761467 0.378974358974359
0.6782768102658112 0.37948717948717947
0.6776556776556777 0.37948717948717947
0.6770356816102471 0.37948717948717947
0.676416819012797 0.37948717948717947
0.6767123287671233 0.38
0.676094890510949 0.38
0.6763901549680948 0.38051282051282054
0.6757741347905283 0.38051282051282054
0.6751592356687898 0.38051282051282054
0.6745454545454546 0.38051282051282054
0.6739327883742052 0.38051282051282054
0.6733212341197822 0.38051282051282054
0.6736174070716229 0.381025641025641
0.6739130434782609 0.38153846153846155
0.6733031674208145 0.38153846153846155
0.6735985533453888 0.382051282051282
0.6729900632339657 0.382051282051282
0.6723826714801444 0.382051282051282
0.672678088367899 0.38256410256410256
0.672972972972973 0.3830769230769231
0.6723672367236724 0.3830769230769231
0.6726618705035972 0.38358974358974357
0.6729559748427673 0.3841025641025641
0.6723518850987432 0.3841025641025641
0.672645739910314 0.38461538461538464
0.6720430107526881 0.38461538461538464
0.6723366159355416 0.3851282051282051
0.6726296958855098 0.38564102564102565
0.6729222520107239 0.3861538461538462
0.6732142857142858 0.38666666666666666
0.6726137377341659 0.38666666666666666
0.6729055258467023 0.3871794871794872
0.6731967943009796 0.38769230769230767
0.6725978647686833 0.38769230769230767
0.672 0.38769230769230767
0.672291296625222 0.3882051282051282
0.6716947648624667 0.3882051282051282
0.6710992907801419 0.3882051282051282
0.6713906111603188 0.38871794871794874
0.6716814159292035 0.3892307692307692
0.6710875331564987 0.3892307692307692
0.6713780918727915 0.38974358974358975
0.6707855251544572 0.38974358974358975
0.6710758377425045 0.3902564102564103
0.6704845814977973 0.3902564102564103
0.670774647887324 0.39076923076923076
0.6701846965699209 0.39076923076923076
0.6695957820738138 0.39076923076923076
0.66900790166813 0.39076923076923076
0.6692982456140351 0.3912820512820513
0.6695880806310254 0.39179487179487177
0.6690017513134852 0.39179487179487177
0.668416447944007 0.39179487179487177
0.6687062937062938 0.3923076923076923
0.6681222707423581 0.3923076923076923
0.6675392670157068 0.3923076923076923
0.6678291194420227 0.39282051282051283
0.6672473867595818 0.39282051282051283
0.6675369886858138 0.3933333333333333
0.6678260869565218 0.39384615384615385
0.6681146828844483 0.3943589743589744
0.6684027777777778 0.39487179487179486
0.6678230702515178 0.39487179487179486
0.6681109185441941 0.3953846153846154
0.6683982683982684 0.3958974358974359
0.6686851211072664 0.3964102564102564
0.6681071737251513 0.3964102564102564
0.6675302245250432 0.3964102564102564
0.6678170836928387 0.39692307692307693
0.6681034482758621 0.3974358974358974
0.6683893195521102 0.39794871794871794
0.6678141135972461 0.39794871794871794
0.6672398968185727 0.39794871794871794
0.6675257731958762 0.3984615384615385
0.6669527896995708 0.3984615384615385
0.6663807890222985 0.3984615384615385
0.6666666666666666 0.39897435897435896
0.666095890410959 0.39897435897435896
0.6663815226689478 0.3994871794871795
0.6658119658119658 0.3994871794871795
0.6652433817250214 0.3994871794871795
0.6655290102389079 0.4
0.6649616368286445 0.4
0.6652470187393527 0.4005128205128205
0.6646808510638298 0.4005128205128205
0.6649659863945578 0.40102564102564103
0.6652506372132541 0.4015384615384615
0.6646859083191851 0.4015384615384615
0.6641221374045801 0.4015384615384615
0.6644067796610169 0.40205128205128204
0.663844199830652 0.40205128205128204
0.6641285956006768 0.4025641025641026
0.6644125105663568 0.40307692307692305
0.6638513513513513 0.40307692307692305
0.6641350210970464 0.4035897435897436
0.6644182124789207 0.4041025641025641
0.6638584667228307 0.4041025641025641
0.6641414141414141 0.4046153846153846
0.6644238856181666 0.40512820512820513
0.6638655462184874 0.40512820512820513
0.6641477749790092 0.40564102564102567
0.6635906040268457 0.40564102564102567
0.6630343671416596 0.40564102564102567
0.6633165829145728 0.40615384615384614
0.6635983263598326 0.4066666666666667
0.6630434782608695 0.4066666666666667
0.6633249791144528 0.40717948717948715
0.6636060100166945 0.4076923076923077
0.6630525437864887 0.4076923076923077
0.6625 0.4076923076923077
0.6627810158201499 0.4082051282051282
0.6622296173044925 0.4082051282051282
0.6616791354945969 0.4082051282051282
0.6611295681063123 0.4082051282051282
0.6605809128630705 0.4082051282051282
0.6600331674958541 0.4082051282051282
0.6603148301574151 0.4087179487179487
0.6605960264900662 0.40923076923076923
0.6600496277915633 0.40923076923076923
0.6595041322314049 0.40923076923076923
0.6597853014037985 0.40974358974358976
0.6592409240924092 0.40974358974358976
0.6595218466611706 0.41025641025641024
0.6598023064250412 0.4107692307692308
0.660082304526749 0.4112820512820513
0.6603618421052632 0.4117948717948718
0.6598192276088742 0.4117948717948718
0.6600985221674877 0.4123076923076923
0.660377358490566 0.4128205128205128
0.6598360655737705 0.4128205128205128
0.6601146601146601 0.41333333333333333
0.6595744680851063 0.41333333333333333
0.659852820932134 0.41384615384615386
0.6601307189542484 0.41435897435897434
0.6604081632653062 0.4148717948717949
0.6598694942903752 0.4148717948717949
0.6593317033414833 0.4148717948717949
0.6587947882736156 0.4148717948717949
0.6590724165988608 0.4153846153846154
0.6585365853658537 0.4153846153846154
0.6580016246953696 0.4153846153846154
0.6574675324675324 0.4153846153846154
0.6577453365774534 0.4158974358974359
0.6572123176661264 0.4158974358974359
0.6566801619433198 0.4158974358974359
0.656957928802589 0.4164102564102564
0.6572352465642683 0.4169230769230769
0.6575121163166397 0.41743589743589743
0.6569814366424536 0.41743589743589743
0.6564516129032258 0.41743589743589743
0.6559226430298146 0.41743589743589743
0.6553945249597424 0.41743589743589743
0.6548672566371682 0.41743589743589743
0.655144694533762 0.41794871794871796
0.6546184738955824 0.41794871794871796
0.6540930979133226 0.41794871794871796
0.6543704891740176 0.41846153846153844
0.6546474358974359 0.418974358974359
0.6549239391513211 0.4194871794871795
0.6552 0.42
0.6554756195043965 0.4205128205128205
0.6549520766773163 0.4205128205128205
0.6552274541101357 0.42102564102564105
0.6555023923444976 0.42153846153846153
0.6549800796812749 0.42153846153846153
0.6544585987261147 0.42153846153846153
0.654733492442323 0.42205128205128206
0.6550079491255962 0.42256410256410254
0.6544876886417792 0.42256410256410254
0.6547619047619048 0.4230769230769231
0.6542426645519429 0.4230769230769231
0.6537242472266244 0.4230769230769231
0.6539984164687253 0.4235897435897436
0.6534810126582279 0.4235897435897436
0.6537549407114625 0.4241025641025641
0.6540284360189573 0.4246153846153846
0.654301499605367 0.42512820512820515
0.6537854889589906 0.42512820512820515
0.6540583136327817 0.4256410256410256
0.6535433070866141 0.4256410256410256
0.6530291109362707 0.4256410256410256
0.6525157232704403 0.4256410256410256
0.6527886881382561 0.42615384615384616
0.6530612244897959 0.4266666666666667
0.6525490196078432 0.4266666666666667
0.6528213166144201 0.42717948717948717
0.6523101018010963 0.42717948717948717
0.6517996870109546 0.42717948717948717
0.6512900703674745 0.42717948717948717
0.65078125 0.42717948717948717
0.6510538641686182 0.4276923076923077
0.6505460218408736 0.4276923076923077
0.6508183943881528 0.4282051282051282
0.6503115264797508 0.4282051282051282
0.6505836575875487 0.4287179487179487
0.6500777604976672 0.4287179487179487
0.6503496503496503 0.42923076923076925
0.6498447204968945 0.42923076923076925
0.6501163692785105 0.4297435897435897
0.6496124031007752 0.4297435897435897
0.6498838109992254 0.43025641025641026
0.6501547987616099 0.4307692307692308
0.6496519721577726 0.4307692307692308
0.6499227202472952 0.43128205128205127
0.6494208494208494 0.43128205128205127
0.6489197530864198 0.43128205128205127
0.6491904394757132 0.4317948717948718
0.6494607087827426 0.4323076923076923
0.648960739030023 0.4323076923076923
0.6484615384615384 0.4323076923076923
0.6487317448116833 0.4328205128205128
0.6482334869431644 0.4328205128205128
0.6485034535686877 0.43333333333333335
0.6487730061349694 0.4338461538461538
0.6490421455938697 0.43435897435897436
0.6485451761102603 0.43435897435897436
0.6480489671002295 0.43435897435897436
0.6475535168195719 0.43435897435897436
0.6478227654698243 0.4348717948717949
0.6473282442748092 0.4348717948717949
0.6475972540045767 0.43538461538461537
0.6478658536585366 0.4358974358974359
0.6473724295506473 0.4358974358974359
0.6468797564687976 0.4358974358974359
0.6463878326996197 0.4358974358974359
0.6458966565349544 0.4358974358974359
0.6461655277145026 0.43641025641025644
0.6456752655538694 0.43641025641025644
0.6459438968915845 0.4369230769230769
0.6462121212121212 0.43743589743589745
0.6464799394398183 0.4379487179487179
0.6459909228441755 0.4379487179487179
0.6455026455026455 0.4379487179487179
0.6457703927492447 0.43846153846153846
0.6452830188679245 0.43846153846153846
0.6447963800904978 0.43846153846153846
0.6450640542577242 0.438974358974359
0.6453313253012049 0.43948717948717947
0.6448457486832204 0.43948717948717947
0.6451127819548872 0.44
0.6453794139744553 0.44051282051282054
0.6448948948948949 0.44051282051282054
0.6444111027756939 0.44051282051282054
0.6446776611694153 0.441025641025641
0.6449438202247191 0.44153846153846155
0.6444610778443114 0.44153846153846155
0.6447270007479432 0.442051282051282
0.6442451420029895 0.442051282051282
0.643764002987304 0.442051282051282
0.6440298507462686 0.44256410256410256
0.6442953020134228 0.4430769230769231
0.6438152011922503 0.4430769230769231
0.6433358153387937 0.4430769230769231
0.6428571428571429 0.4430769230769231
0.6431226765799256 0.44358974358974357
0.6426448736998515 0.44358974358974357
0.6421677802524127 0.44358974358974357
0.6416913946587537 0.44358974358974357
0.6412157153446998 0.44358974358974357
0.6414814814814814 0.4441025641025641
0.6410066617320503 0.4441025641025641
0.6405325443786982 0.4441025641025641
0.6400591278640059 0.4441025641025641
0.6395864106351551 0.4441025641025641
0.6391143911439114 0.4441025641025641
0.6386430678466076 0.4441025641025641
0.6381724392041267 0.4441025641025641
0.6384388807069219 0.44461538461538463
0.6379690949227373 0.44461538461538463
0.638235294117647 0.4451282051282051
0.6385011021307861 0.44564102564102565
0.6380323054331865 0.44564102564102565
0.6375641966250917 0.44564102564102565
0.6370967741935484 0.44564102564102565
0.6366300366300366 0.44564102564102565
0.6361639824304539 0.44564102564102565
0.6356986100950988 0.44564102564102565
0.6352339181286549 0.44564102564102565
0.635500365230095 0.4461538461538462
0.6357664233576642 0.44666666666666666
0.6353026987600292 0.44666666666666666
0.6348396501457726 0.44666666666666666
0.6343772760378733 0.44666666666666666
0.6346433770014556 0.4471794871794872
0.6341818181818182 0.4471794871794872
0.6344476744186046 0.44769230769230767
0.6339869281045751 0.44769230769230767
0.6335268505079826 0.44769230769230767
0.6337926033357505 0.4482051282051282
0.6340579710144928 0.44871794871794873
0.6335988414192614 0.44871794871794873
0.6331403762662807 0.44871794871794873
0.6334056399132321 0.4492307692307692
0.6329479768786127 0.4492307692307692
0.6324909747292419 0.4492307692307692
0.6320346320346321 0.4492307692307692
0.631578947368421 0.4492307692307692
0.6318443804034583 0.44974358974358974
0.6321094312455003 0.4502564102564103
0.6323741007194245 0.45076923076923076
0.6319194823867721 0.45076923076923076
0.632183908045977 0.4512820512820513
0.6324479540559943 0.4517948717948718
0.6319942611190817 0.4517948717948718
0.632258064516129 0.4523076923076923
0.6318051575931232 0.4523076923076923
0.6320687186828919 0.45282051282051283
0.6316165951359084 0.45282051282051283
0.631879914224446 0.4533333333333333
0.6314285714285715 0.4533333333333333
0.6316916488222698 0.45384615384615384
0.6312410841654779 0.45384615384615384
0.631503920171062 0.4543589743589744
0.6317663817663818 0.45487179487179485
0.6313167259786477 0.45487179487179485
0.631578947368421 0.4553846153846154
0.6311300639658849 0.4553846153846154
0.6313920454545454 0.4558974358974359
0.630943931866572 0.4558974358974359
0.6304964539007092 0.4558974358974359
0.6307583274273565 0.4564102564102564
0.6303116147308782 0.4564102564102564
0.6298655343241331 0.4564102564102564
0.6294200848656294 0.4564102564102564
0.6289752650176679 0.4564102564102564
0.6285310734463276 0.4564102564102564
0.6287932251235003 0.45692307692307693
0.6283497884344147 0.45692307692307693
0.6286116983791402 0.4574358974358974
0.6288732394366198 0.45794871794871794
0.6291344123856439 0.4584615384615385
0.6286919831223629 0.4584615384615385
0.6282501756851722 0.4584615384615385
0.6278089887640449 0.4584615384615385
0.6273684210526316 0.4584615384615385
0.6269284712482468 0.4584615384615385
0.6271899088997898 0.45897435897435895
0.626750700280112 0.45897435897435895
0.6263121063680895 0.45897435897435895
0.6258741258741258 0.45897435897435895
0.6254367575122292 0.45897435897435895
0.6256983240223464 0.4594871794871795
0.6259595254710397 0.46
0.6262203626220363 0.4605128205128205
0.6257839721254356 0.4605128205128205
0.6253481894150418 0.4605128205128205
0.6249130132219902 0.4605128205128205
0.6244784422809457 0.4605128205128205
0.6247394023627519 0.46102564102564103
0.625 0.46153846153846156
0.6252602359472589 0.46205128205128204
0.6248266296809986 0.46205128205128204
0.6243936243936244 0.46205128205128204
0.6246537396121884 0.4625641025641026
0.6242214532871972 0.4625641025641026
0.6244813278008299 0.46307692307692305
0.6240497581202488 0.46307692307692305
0.6236187845303868 0.46307692307692305
0.6231884057971014 0.46307692307692305
0.6227586206896552 0.46307692307692305
0.622329427980703 0.46307692307692305
0.621900826446281 0.46307692307692305
0.6214728148657949 0.46307692307692305
0.6217331499312242 0.4635897435897436
0.6219931271477663 0.4641025641025641
0.6222527472527473 0.4646153846153846
0.6218256691832532 0.4646153846153846
0.6213991769547325 0.4646153846153846
0.6216586703221384 0.46512820512820513
0.6212328767123287 0.46512820512820513
0.621492128678987 0.46564102564102566
0.6210670314637483 0.46564102564102566
0.621326042378674 0.46615384615384614
0.6209016393442623 0.46615384615384614
0.621160409556314 0.4666666666666667
0.6207366984993179 0.4666666666666667
0.6203135650988412 0.4666666666666667
0.6198910081743869 0.4666666666666667
0.6201497617426821 0.46717948717948715
0.6197278911564625 0.46717948717948715
0.619986403806934 0.4676923076923077
0.6202445652173914 0.4682051282051282
0.6198234894772573 0.4682051282051282
0.6200814111261872 0.4687179487179487
0.6203389830508474 0.46923076923076923
0.6205962059620597 0.46974358974358976
0.6201760324983073 0.46974358974358976
0.6204330175913396 0.47025641025641024
0.6200135226504395 0.47025641025641024
0.6202702702702703 0.4707692307692308
0.6205266711681297 0.4712820512820513
0.6207827260458839 0.4717948717948718
0.6203641267700607 0.4717948717948718
0.6206199460916442 0.4723076923076923
0.6208754208754209 0.4728205128205128
0.6211305518169583 0.47333333333333333
0.6213853396099529 0.47384615384615386
0.6216397849462365 0.47435897435897434
0.6212222968435192 0.47435897435897434
0.6208053691275168 0.47435897435897434
0.6210596914822267 0.4748717948717949
0.6206434316353887 0.4748717948717949
0.6208975217682519 0.4753846153846154
0.6211512717536813 0.4758974358974359
0.6214046822742475 0.4764102564102564
0.6209893048128342 0.4764102564102564
0.6212424849699398 0.47692307692307695
0.6208277703604806 0.47692307692307695
0.6204136090727151 0.47692307692307695
0.62 0.47692307692307695
0.619586942038641 0.47692307692307695
0.6191744340878829 0.47692307692307695
0.6187624750499002 0.47692307692307695
0.6190159574468085 0.4774358974358974
0.6186046511627907 0.4774358974358974
0.6188579017264276 0.47794871794871796
0.6184472461844724 0.47794871794871796
0.6187002652519894 0.47846153846153844
0.6189529489728297 0.47897435897435897
0.6192052980132451 0.4794871794871795
0.6194573130377233 0.48
0.6197089947089947 0.4805128205128205
0.619960343688037 0.48102564102564105
0.619550858652576 0.48102564102564105
0.6191419141914192 0.48102564102564105
0.6193931398416886 0.4815384615384615
0.6189848384970337 0.4815384615384615
0.6185770750988142 0.4815384615384615
0.6181698485845951 0.4815384615384615
0.618421052631579 0.48205128205128206
0.6180144641683103 0.48205128205128206
0.6176084099868594 0.48205128205128206
0.6178594878529219 0.48256410256410254
0.6181102362204725 0.48307692307692307
0.6177049180327869 0.48307692307692307
0.617300131061599 0.48307692307692307
0.6168958742632613 0.48307692307692307
0.6171465968586387 0.4835897435897436
0.6173969914977109 0.4841025641025641
0.6169934640522876 0.4841025641025641
0.6172436316133246 0.4846153846153846
0.6174934725848564 0.48512820512820515
0.6177429876060013 0.4856410256410256
0.6179921773142112 0.48615384615384616
0.6175895765472312 0.48615384615384616
0.6171875 0.48615384615384616
0.6167859466493169 0.48615384615384616
0.6163849154746424 0.48615384615384616
0.6159844054580896 0.48615384615384616
0.6162337662337662 0.4866666666666667
0.6158338741077223 0.4866666666666667
0.6154345006485085 0.4866666666666667
0.6150356448476992 0.4866666666666667
0.6146373056994818 0.4866666666666667
0.6148867313915858 0.48717948717948717
0.6144890038809832 0.48717948717948717
0.6140917905623788 0.48717948717948717
0.6136950904392765 0.48717948717948717
0.6132989025177534 0.48717948717948717
0.6129032258064516 0.48717948717948717
0.6125080593165699 0.48717948717948717
0.6127577319587629 0.4876923076923077
0.6130070830650354 0.4882051282051282
0.6126126126126126 0.4882051282051282
0.6128617363344051 0.4887179487179487
0.6124678663239075 0.4887179487179487
0.6127167630057804 0.48923076923076925
0.6129653401797176 0.4897435897435897
0.6125721616420783 0.4897435897435897
0.6121794871794872 0.4897435897435897
0.6117873158231902 0.4897435897435897
0.6113956466069143 0.4897435897435897
0.6110044785668586 0.4897435897435897
0.610613810741688 0.4897435897435897
0.6108626198083067 0.49025641025641026
0.6104725415070242 0.49025641025641026
0.6100829610721124 0.49025641025641026
0.6103316326530612 0.4907692307692308
0.6105799872530274 0.49128205128205127
0.6101910828025477 0.49128205128205127
0.6098026734563972 0.49128205128205127
0.6094147582697201 0.49128205128205127
0.6096630642085188 0.4917948717948718
0.6099110546378653 0.49230769230769234
0.6095238095238096 0.49230769230769234
0.6097715736040609 0.4928205128205128
0.6100190234622701 0.49333333333333335
0.6096324461343473 0.49333333333333335
0.609879670677644 0.4938461538461538
0.610126582278481 0.49435897435897436
0.6103731815306768 0.4948717948717949
0.6106194690265486 0.49538461538461537
0.6102337334175616 0.49538461538461537
0.610479797979798 0.4958974358974359
0.6100946372239747 0.4958974358974359
0.6097099621689785 0.4958974358974359
0.6099558916194077 0.49641025641025643
0.6095717884130982 0.49641025641025643
0.6098174952800504 0.4969230769230769
0.6094339622641509 0.4969230769230769
0.6090509113764928 0.4969230769230769
0.6086683417085427 0.4969230769230769
0.608286252354049 0.4969230769230769
0.6079046424090339 0.4969230769230769
0.6081504702194357 0.49743589743589745
0.6077694235588973 0.49743589743589745
0.6073888541014402 0.49743589743589745
0.6070087609511889 0.49743589743589745
0.6066291432145091 0.49743589743589745
0.60625 0.49743589743589745
0.6058713304184884 0.49743589743589745
0.6054931335830213 0.49743589743589745
0.6051154086088584 0.49743589743589745
0.6047381546134664 0.49743589743589745
0.6049844236760125 0.4979487179487179
0.6052303860523038 0.49846153846153846
0.6048537647790915 0.49846153846153846
0.6044776119402985 0.49846153846153846
0.6041019266625233 0.49846153846153846
0.6043478260869565 0.498974358974359
0.6039726877715704 0.498974358974359
0.6035980148883374 0.498974358974359
0.6032238065716057 0.498974358974359
0.6034696406443618 0.49948717948717947
0.6030959752321982 0.49948717948717947
0.6027227722772277 0.49948717948717947
0.6023500309214594 0.49948717948717947
0.6019777503090235 0.49948717948717947
0.6016059295861643 0.49948717948717947
0.6012345679012345 0.49948717948717947
0.6014805675508945 0.5
0.6017262638717632 0.5005128205128205
0.6019716574245225 0.5010256410256411
0.6022167487684729 0.5015384615384615
0.6024615384615385 0.502051282051282
0.602091020910209 0.502051282051282
0.6017209588199139 0.502051282051282
0.6013513513513513 0.502051282051282
0.6009821976672806 0.502051282051282
0.6012269938650306 0.5025641025641026
0.6008583690987125 0.5025641025641026
0.6004901960784313 0.5025641025641026
0.6007348438456828 0.5030769230769231
0.6003671970624235 0.5030769230769231
0.6 0.5030769230769231
0.6002444987775061 0.5035897435897436
0.6004886988393403 0.5041025641025642
0.6001221001221001 0.5041025641025642
0.600366076876144 0.5046153846153846
0.600609756097561 0.5051282051282051
0.6008531383302864 0.5056410256410256
0.6010962241169305 0.5061538461538462
0.6013390139987828 0.5066666666666667
0.601581508515815 0.5071794871794871
0.6012158054711246 0.5071794871794871
0.6008505467800729 0.5071794871794871
0.6004857316332726 0.5071794871794871
0.6007281553398058 0.5076923076923077
0.6003638568829593 0.5076923076923077
0.6006060606060606 0.5082051282051282
0.6002422774076317 0.5082051282051282
0.5998789346246973 0.5082051282051282
0.6001209921355112 0.5087179487179487
0.6003627569528416 0.5092307692307693
0.6006042296072508 0.5097435897435898
0.6008454106280193 0.5102564102564102
0.6010863005431503 0.5107692307692308
0.6013268998793727 0.5112820512820513
0.6015672091621459 0.5117948717948718
0.6018072289156626 0.5123076923076924
0.6020469596628537 0.5128205128205128
0.601684717208183 0.5128205128205128
0.6013229104028863 0.5128205128205128
0.6009615384615384 0.5128205128205128
0.6006006006006006 0.5128205128205128
0.6002400960384153 0.5128205128205128
0.6004799040191962 0.5133333333333333
0.6007194244604317 0.5138461538461538
0.6009586578789694 0.5143589743589744
0.6005988023952096 0.5143589743589744
0.6008378216636745 0.5148717948717949
0.6004784688995215 0.5148717948717949
0.6001195457262403 0.5148717948717949
0.600358422939068 0.5153846153846153
0.6005970149253731 0.5158974358974359
0.6002386634844868 0.5158974358974359
0.5998807394156231 0.5158974358974359
0.599523241954708 0.5158974358974359
0.5991661703394878 0.5158974358974359
0.5988095238095238 0.5158974358974359
0.5984533016061868 0.5158974358974359
0.5980975029726516 0.5158974358974359
0.5977421271538919 0.5158974358974359
0.5973871733966746 0.5158974358974359
0.597626112759644 0.5164102564102564
0.5972716488730724 0.5164102564102564
0.5969176052163604 0.5164102564102564
0.5965639810426541 0.5164102564102564
0.596210775606868 0.5164102564102564
0.5964497041420118 0.5169230769230769
0.5966883500887049 0.5174358974358975
0.5963356973995272 0.5174358974358975
0.5959834613112818 0.5174358974358975
0.5956316410861865 0.5174358974358975
0.5952802359882006 0.5174358974358975
0.5955188679245284 0.517948717948718
0.5951679434295816 0.517948717948718
0.5948174322732627 0.517948717948718
0.594467333725721 0.517948717948718
0.5941176470588235 0.517948717948718
0.5943562610229277 0.5184615384615384
0.5945945945945946 0.518974358974359
0.5942454492072813 0.518974358974359
0.5944835680751174 0.5194871794871795
0.5941348973607038 0.5194871794871795
0.5943728018757327 0.52
0.5940246045694201 0.52
0.5936768149882904 0.52
0.593329432416618 0.52
0.5929824561403508 0.52
0.592635885447107 0.52
0.592873831775701 0.5205128205128206
0.5931115002918855 0.521025641025641
0.5933488914819136 0.5215384615384615
0.5930029154518951 0.5215384615384615
0.5926573426573427 0.5215384615384615
0.5928945835760047 0.522051282051282
0.5931315483119907 0.5225641025641026
0.5927865037812682 0.5225641025641026
0.5930232558139535 0.5230769230769231
0.5932597327135386 0.5235897435897436
0.5929152148664344 0.5235897435897436
0.5925710969239698 0.5235897435897436
0.5922273781902552 0.5235897435897436
0.592463768115942 0.5241025641025641
0.5921205098493627 0.5241025641025641
0.5923566878980892 0.5246153846153846
0.5920138888888888 0.5246153846153846
0.5916714864083286 0.5246153846153846
0.5913294797687861 0.5246153846153846
0.5909878682842288 0.5246153846153846
0.5906466512702079 0.5246153846153846
0.5908828620888632 0.5251282051282051
0.5905420991926182 0.5251282051282051
0.5902017291066283 0.5251282051282051
0.5898617511520737 0.5251282051282051
0.5895221646516984 0.5251282051282051
0.5897583429228999 0.5256410256410257
0.5899942495687176 0.5261538461538462
0.5902298850574713 0.5266666666666666
0.5898908673176335 0.5266666666666666
0.5895522388059702 0.5266666666666666
0.5897877223178428 0.5271794871794871
0.5894495412844036 0.5271794871794871
0.5891117478510028 0.5271794871794871
0.5893470790378007 0.5276923076923077
0.5890097309673726 0.5276923076923077
0.5892448512585813 0.5282051282051282
0.5889079473985135 0.5282051282051282
0.5885714285714285 0.5282051282051282
0.5882352941176471 0.5282051282051282
0.5878995433789954 0.5282051282051282
0.587564175698802 0.5282051282051282
0.5877993158494869 0.5287179487179487
0.588034188034188 0.5292307692307693
0.5882687927107062 0.5297435897435897
0.5879339783722254 0.5297435897435897
0.5875995449374289 0.5297435897435897
0.58726549175668 0.5297435897435897
0.5869318181818182 0.5297435897435897
0.5871663827370812 0.5302564102564102
0.5874006810442679 0.5307692307692308
0.5870674985819626 0.5307692307692308
0.5873015873015873 0.5312820512820513
0.5869688385269122 0.5312820512820513
0.5866364665911665 0.5312820512820513
0.586870401810979 0.5317948717948718
0.5865384615384616 0.5317948717948718
0.5867721876766535 0.5323076923076923
0.5864406779661017 0.5323076923076923
0.5861095426312818 0.5323076923076923
0.5863431151241535 0.5328205128205128
0.5865764241398759 0.5333333333333333
0.5868094701240135 0.5338461538461539
0.5864788732394366 0.5338461538461539
0.5867117117117117 0.5343589743589744
0.5869442881260551 0.5348717948717949
0.5866141732283464 0.5348717948717949
0.5862844294547499 0.5348717948717949
0.5859550561797753 0.5348717948717949
0.5856260527793374 0.5348717948717949
0.5858585858585859 0.5353846153846153
0.585530005608525 0.5353846153846153
0.5852017937219731 0.5353846153846153
0.584873949579832 0.5353846153846153
0.5845464725643897 0.5353846153846153
0.5842193620593172 0.5353846153846153
0.5838926174496645 0.5353846153846153
0.5835662381218558 0.5353846153846153
0.5832402234636872 0.5353846153846153
0.5829145728643216 0.5353846153846153
0.5825892857142857 0.5353846153846153
0.5822643614054657 0.5353846153846153
0.5819397993311036 0.5353846153846153
0.5816155988857938 0.5353846153846153
0.5818485523385301 0.5358974358974359
0.5815247634947134 0.5358974358974359
0.5812013348164627 0.5358974358974359
0.5808782657031685 0.5358974358974359
0.5805555555555556 0.5358974358974359
0.5802332037756802 0.5358974358974359
0.5804661487236404 0.5364102564102564
0.5801442041042707 0.5364102564102564
0.5798226164079823 0.5364102564102564
0.5795013850415512 0.5364102564102564
0.5791805094130675 0.5364102564102564
0.5788599889319314 0.5364102564102564
0.5785398230088495 0.5364102564102564
0.578220011055832 0.5364102564102564
0.5779005524861879 0.5364102564102564
0.5781336278299282 0.536923076923077
0.5778145695364238 0.536923076923077
0.5774958632101489 0.536923076923077
0.5771775082690187 0.536923076923077
0.5774104683195592 0.5374358974358975
0.5770925110132159 0.5374358974358975
0.5773252614199229 0.5379487179487179
0.5775577557755776 0.5384615384615384
0.5777899945024739 0.538974358974359
0.578021978021978 0.5394871794871795
0.5777045579352005 0.5394871794871795
0.5773874862788145 0.5394871794871795
0.5770707624794296 0.5394871794871795
0.5767543859649122 0.5394871794871795
0.5764383561643835 0.5394871794871795
0.5761226725082147 0.5394871794871795
0.5763546798029556 0.54
0.5765864332603938 0.5405128205128205
0.576271186440678 0.5405128205128205
0.5759562841530055 0.5405128205128205
0.5756417258328782 0.5405128205128205
0.5753275109170306 0.5405128205128205
0.5755591925804692 0.541025641025641
0.5752453653217012 0.541025641025641
0.5749318801089919 0.541025641025641
0.5746187363834423 0.541025641025641
0.5748502994011976 0.5415384615384615
0.5745375408052231 0.5415384615384615
0.5747688961392061 0.5420512820512821
0.5744565217391304 0.5420512820512821
0.574687669744704 0.5425641025641026
0.5743756786102063 0.5425641025641026
0.5740640260444927 0.5425641025641026
0.5737527114967462 0.5425641025641026
0.5739837398373984 0.5430769230769231
0.5736728060671723 0.5430769230769231
0.5733622089875474 0.5430769230769231
0.573051948051948 0.5430769230769231
0.5727420227149811 0.5430769230769231
0.5724324324324325 0.5430769230769231
0.5726634251755808 0.5435897435897435
0.572354211663067 0.5435897435897435
0.5720453318942256 0.5435897435897435
0.5722761596548004 0.5441025641025641
0.5719676549865229 0.5441025641025641
0.5716594827586207 0.5441025641025641
0.5713516424340334 0.5441025641025641
0.5715823466092572 0.5446153846153846
0.5712748789671867 0.5446153846153846
0.5709677419354838 0.5446153846153846
0.5706609349811929 0.5446153846153846
0.5703544575725027 0.5446153846153846
0.5700483091787439 0.5446153846153846
0.5702789699570815 0.5451282051282051
0.5699731903485254 0.5451282051282051
0.5696677384780279 0.5451282051282051
0.5693626138189609 0.5451282051282051
0.569593147751606 0.5456410256410257
0.5692883895131086 0.5456410256410257
0.5689839572192513 0.5456410256410257
0.5686798503474078 0.5456410256410257
0.5683760683760684 0.5456410256410257
0.5680726107848372 0.5456410256410257
0.567769477054429 0.5456410256410257
0.5674666666666667 0.5456410256410257
0.5671641791044776 0.5456410256410257
0.5668620138518913 0.5456410256410257
0.5665601703940362 0.5456410256410257
0.5662586482171368 0.5456410256410257
0.5659574468085107 0.5456410256410257
0.5661881977671451 0.5461538461538461
0.5658873538788523 0.5461538461538461
0.56558682952735 0.5461538461538461
0.5652866242038217 0.5461538461538461
0.5649867374005305 0.5461538461538461
0.5646871686108166 0.5461538461538461
0.5643879173290938 0.5461538461538461
0.5640889830508474 0.5461538461538461
0.563790365272631 0.5461538461538461
0.5634920634920635 0.5461538461538461
0.5631940772078265 0.5461538461538461
0.5628964059196617 0.5461538461538461
0.5625990491283677 0.5461538461538461
0.5623020063357973 0.5461538461538461
0.562532981530343 0.5466666666666666
0.5622362869198312 0.5466666666666666
0.5619399051133368 0.5466666666666666
0.5616438356164384 0.5466666666666666
0.5618746708794102 0.5471794871794872
0.5615789473684211 0.5471794871794872
0.5612835349815887 0.5471794871794872
0.5615141955835962 0.5476923076923077
0.5612191276931161 0.5476923076923077
0.5614495798319328 0.5482051282051282
0.5616797900262467 0.5487179487179488
0.561909758656873 0.5492307692307692
0.5616151022548506 0.5492307692307692
0.5618448637316562 0.5497435897435897
0.5615505500261917 0.5497435897435897
0.5612565445026177 0.5497435897435897
0.5609628466771324 0.5497435897435897
0.5606694560669456 0.5497435897435897
0.5608991113434396 0.5502564102564103
0.5606060606060606 0.5502564102564103
0.5603133159268929 0.5502564102564103
0.5600208768267223 0.5502564102564103
0.5602503912363067 0.5507692307692308
0.5599582898852972 0.5507692307692308
0.559666492965086 0.5507692307692308
0.559375 0.5507692307692308
0.5590838105153566 0.5507692307692308
0.558792924037461 0.5507692307692308
0.5585023400936038 0.5507692307692308
0.5582120582120582 0.5507692307692308
0.5584415584415584 0.5512820512820513
0.5581516095534788 0.5512820512820513
0.5578619615983393 0.5512820512820513
0.5575726141078838 0.5512820512820513
0.5572835666148264 0.5512820512820513
0.5569948186528497 0.5512820512820513
0.5567063697566028 0.5512820512820513
0.5564182194616977 0.5512820512820513
0.5566476978789446 0.5517948717948717
0.5563598759048604 0.5517948717948717
0.5560723514211886 0.5517948717948717
0.5557851239669421 0.5517948717948717
0.5554981930820857 0.5517948717948717
0.5557275541795665 0.5523076923076923
0.555440948942754 0.5523076923076923
0.5556701030927835 0.5528205128205128
0.5553838227717671 0.5528205128205128
0.5556127703398558 0.5533333333333333
0.5553268142048379 0.5533333333333333
0.5550411522633745 0.5533333333333333
0.5547557840616967 0.5533333333333333
0.5544707091469682 0.5533333333333333
0.554185927067283 0.5533333333333333
0.5539014373716632 0.5533333333333333
0.5536172396100565 0.5533333333333333
0.5538461538461539 0.5538461538461539
0.5535622757560226 0.5538461538461539
0.5537909836065574 0.5543589743589744
0.5535074244751664 0.5543589743589744
0.553224155578301 0.5543589743589744
0.5529411764705883 0.5543589743589744
0.5531697341513292 0.5548717948717948
0.5528870720490546 0.5548717948717948
0.5531154239019408 0.5553846153846154
0.552833078101072 0.5553846153846154
0.5525510204081633 0.5553846153846154
0.5522692503824579 0.5553846153846154
0.5519877675840978 0.5553846153846154
0.5517065715741213 0.5553846153846154
0.5514256619144603 0.5553846153846154
0.5511450381679389 0.5553846153846154
0.5508646998982706 0.5553846153846154
0.5505846466700559 0.5553846153846154
0.5503048780487805 0.5553846153846154
0.5500253936008126 0.5553846153846154
0.549746192893401 0.5553846153846154
0.549974632166413 0.5558974358974359
0.5496957403651116 0.5558974358974359
0.5494171312721744 0.5558974358974359
0.549645390070922 0.5564102564102564
0.549367088607595 0.5564102564102564
0.5495951417004049 0.556923076923077
0.5493171471927162 0.556923076923077
0.5490394337714863 0.556923076923077
0.5487620010106115 0.556923076923077
0.5484848484848485 0.556923076923077
0.5482079757698132 0.556923076923077
0.5479313824419778 0.556923076923077
0.5476550680786687 0.556923076923077
0.5473790322580645 0.556923076923077
0.5471032745591939 0.556923076923077
0.5473313192346425 0.5574358974358974
0.5475591343734273 0.5579487179487179
0.5477867203219315 0.5584615384615385
0.5475113122171946 0.5584615384615385
0.5472361809045226 0.5584615384615385
0.5474635861376193 0.558974358974359
0.5476907630522089 0.5594871794871795
0.5479177119919719 0.56
0.5476429287863591 0.56
0.5473684210526316 0.56
0.5470941883767535 0.56
0.5468202303455183 0.56
0.5470470470470471 0.5605128205128205
0.5467733866933466 0.5605128205128205
0.547 0.561025641025641
