1.0 0.0005128205128205128
1.0 0.0010256410256410256
1.0 0.0015384615384615385
1.0 0.0020512820512820513
1.0 0.002564102564102564
1.0 0.003076923076923077
1.0 0.0035897435897435897
1.0 0.0041025641025641026
1.0 0.004615384615384616
1.0 0.005128205128205128
1.0 0.0056410256410256415
1.0 0.006153846153846154
1.0 0.006666666666666667
1.0 0.0071794871794871795
1.0 0.007692307692307693
1.0 0.008205128205128205
1.0 0.008717948717948718
1.0 0.009230769230769232
1.0 0.009743589743589744
1.0 0.010256410256410256
1.0 0.010769230769230769
1.0 0.011282051282051283
1.0 0.011794871794871795
1.0 0.012307692307692308
1.0 0.01282051282051282
1.0 0.013333333333333334
1.0 0.013846153846153847
1.0 0.014358974358974359
1.0 0.014871794871794871
1.0 0.015384615384615385
1.0 0.015897435897435898
1.0 0.01641025641025641
1.0 0.016923076923076923
1.0 0.017435897435897435
1.0 0.017948717948717947
1.0 0.018461538461538463
1.0 0.018974358974358976
1.0 0.019487179487179488
1.0 0.02
1.0 0.020512820512820513
1.0 0.021025641025641025
1.0 0.021538461538461538
1.0 0.02205128205128205
1.0 0.022564102564102566
1.0 0.023076923076923078
1.0 0.02358974358974359
1.0 0.024102564102564103
1.0 0.024615384615384615
1.0 0.025128205128205128
1.0 0.02564102564102564
1.0 0.026153846153846153
1.0 0.02666666666666667
1.0 0.02717948717948718
1.0 0.027692307692307693
1.0 0.028205128205128206
1.0 0.028717948717948718
1.0 0.02923076923076923
1.0 0.029743589743589743
1.0 0.030256410256410255
1.0 0.03076923076923077
1.0 0.03128205128205128
1.0 0.031794871794871796
1.0 0.03230769230769231
1.0 0.03282051282051282
1.0 0.03333333333333333
1.0 0.033846153846153845
1.0 0.03435897435897436
0.9852941176470589 0.03435897435897436
0.9855072463768116 0.03487179487179487
0.9714285714285714 0.03487179487179487
0.971830985915493 0.03538461538461538
0.9722222222222222 0.035897435897435895
0.9726027397260274 0.03641025641025641
0.972972972972973 0.036923076923076927
0.9733333333333334 0.03743589743589744
0.9605263157894737 0.03743589743589744
0.948051948051948 0.03743589743589744
0.9487179487179487 0.03794871794871795
0.9493670886075949 0.038461538461538464
0.95 0.038974358974358976
0.9506172839506173 0.03948717948717949
0.9512195121951219 0.04
0.9518072289156626 0.04051282051282051
0.9523809523809523 0.041025641025641026
0.9529411764705882 0.04153846153846154
0.9534883720930233 0.04205128205128205
0.9540229885057471 0.04256410256410256
0.9545454545454546 0.043076923076923075
0.9550561797752809 0.04358974358974359
0.9555555555555556 0.0441025641025641
0.9560439560439561 0.04461538461538461
0.9456521739130435 0.04461538461538461
0.946236559139785 0.04512820512820513
0.9468085106382979 0.045641025641025644
0.9473684210526315 0.046153846153846156
0.9479166666666666 0.04666666666666667
0.9484536082474226 0.04717948717948718
0.9489795918367347 0.047692307692307694
0.9494949494949495 0.048205128205128206
0.95 0.04871794871794872
0.9504950495049505 0.04923076923076923
0.9509803921568627 0.04974358974358974
0.9514563106796117 0.050256410256410255
0.9519230769230769 0.05076923076923077
0.9523809523809523 0.05128205128205128
0.9528301886792453 0.05179487179487179
0.9532710280373832 0.052307692307692305
0.9537037037037037 0.05282051282051282
0.9541284403669725 0.05333333333333334
0.9545454545454546 0.05384615384615385
0.954954954954955 0.05435897435897436
0.9553571428571429 0.054871794871794874
0.9557522123893806 0.055384615384615386
0.956140350877193 0.0558974358974359
0.9478260869565217 0.0558974358974359
0.9482758620689655 0.05641025641025641
0.9487179487179487 0.05692307692307692
0.9491525423728814 0.057435897435897436
0.9495798319327731 0.05794871794871795
0.95 0.05846153846153846
0.9504132231404959 0.05897435897435897
0.9508196721311475 0.059487179487179485
0.9512195121951219 0.06
0.9516129032258065 0.06051282051282051
0.944 0.06051282051282051
0.9444444444444444 0.06102564102564102
0.9448818897637795 0.06153846153846154
0.9453125 0.062051282051282054
0.9457364341085271 0.06256410256410257
0.9461538461538461 0.06307692307692307
0.9389312977099237 0.06307692307692307
0.9393939393939394 0.06358974358974359
0.9398496240601504 0.0641025641025641
0.9328358208955224 0.0641025641025641
0.9333333333333333 0.06461538461538462
0.9338235294117647 0.06512820512820512
0.9343065693430657 0.06564102564102564
0.9347826086956522 0.06615384615384616
0.9280575539568345 0.06615384615384616
0.9285714285714286 0.06666666666666667
0.9290780141843972 0.06717948717948719
0.9295774647887324 0.06769230769230769
0.9300699300699301 0.06820512820512821
0.9305555555555556 0.06871794871794872
0.9241379310344827 0.06871794871794872
0.9178082191780822 0.06871794871794872
0.9183673469387755 0.06923076923076923
0.918918918918919 0.06974358974358974
0.9194630872483222 0.07025641025641026
0.92 0.07076923076923076
0.9205298013245033 0.07128205128205128
0.9210526315789473 0.07179487179487179
0.9215686274509803 0.07230769230769231
0.922077922077922 0.07282051282051281
0.9225806451612903 0.07333333333333333
0.9230769230769231 0.07384615384615385
0.9235668789808917 0.07435897435897436
0.9240506329113924 0.07487179487179488
0.9245283018867925 0.07538461538461538
0.925 0.0758974358974359
0.9254658385093167 0.07641025641025641
0.9259259259259259 0.07692307692307693
0.9263803680981595 0.07743589743589743
0.926829268292683 0.07794871794871795
0.9272727272727272 0.07846153846153846
0.927710843373494 0.07897435897435898
0.9281437125748503 0.07948717948717948
0.9285714285714286 0.08
0.9289940828402367 0.08051282051282051
0.9294117647058824 0.08102564102564103
0.9298245614035088 0.08153846153846153
0.9302325581395349 0.08205128205128205
0.930635838150289 0.08256410256410257
0.9310344827586207 0.08307692307692308
0.9257142857142857 0.08307692307692308
0.9204545454545454 0.08307692307692308
0.9152542372881356 0.08307692307692308
0.9101123595505618 0.08307692307692308
0.9106145251396648 0.0835897435897436
0.9055555555555556 0.0835897435897436
0.9005524861878453 0.0835897435897436
0.9010989010989011 0.0841025641025641
0.9016393442622951 0.08461538461538462
0.9021739130434783 0.08512820512820513
0.8972972972972973 0.08512820512820513
0.8924731182795699 0.08512820512820513
0.893048128342246 0.08564102564102564
0.8936170212765957 0.08615384615384615
0.8941798941798942 0.08666666666666667
0.8947368421052632 0.08717948717948718
0.8952879581151832 0.0876923076923077
0.8958333333333334 0.0882051282051282
0.8963730569948186 0.08871794871794872
0.8969072164948454 0.08923076923076922
0.8974358974358975 0.08974358974358974
0.8979591836734694 0.09025641025641026
0.8984771573604061 0.09076923076923077
0.898989898989899 0.09128205128205129
0.8994974874371859 0.0917948717948718
0.9 0.09230769230769231
0.900497512437811 0.09282051282051282
0.8960396039603961 0.09282051282051282
0.896551724137931 0.09333333333333334
0.8970588235294118 0.09384615384615384
0.8926829268292683 0.09384615384615384
0.8932038834951457 0.09435897435897436
0.893719806763285 0.09487179487179487
0.8942307692307693 0.09538461538461539
0.8947368421052632 0.09589743589743589
0.8952380952380953 0.09641025641025641
0.8957345971563981 0.09692307692307692
0.8962264150943396 0.09743589743589744
0.8967136150234741 0.09794871794871794
0.897196261682243 0.09846153846153846
0.8976744186046511 0.09897435897435898
0.8981481481481481 0.09948717948717949
0.8940092165898618 0.09948717948717949
0.8944954128440367 0.1
0.8949771689497716 0.10051282051282051
0.8909090909090909 0.10051282051282051
0.8914027149321267 0.10102564102564103
0.8918918918918919 0.10153846153846154
0.8923766816143498 0.10205128205128206
0.8928571428571429 0.10256410256410256
0.8933333333333333 0.10307692307692308
0.8893805309734514 0.10307692307692308
0.8898678414096917 0.10358974358974359
0.8903508771929824 0.1041025641025641
0.8908296943231441 0.10461538461538461
0.8913043478260869 0.10512820512820513
0.8917748917748918 0.10564102564102563
0.8922413793103449 0.10615384615384615
0.8927038626609443 0.10666666666666667
0.8931623931623932 0.10717948717948718
0.8936170212765957 0.1076923076923077
0.8940677966101694 0.1082051282051282
0.8945147679324894 0.10871794871794872
0.8949579831932774 0.10923076923076923
0.891213389121339 0.10923076923076923
0.8916666666666667 0.10974358974358975
0.8921161825726142 0.11025641025641025
0.8925619834710744 0.11076923076923077
0.8930041152263375 0.11128205128205128
0.8934426229508197 0.1117948717948718
0.8938775510204081 0.1123076923076923
0.8902439024390244 0.1123076923076923
0.8906882591093117 0.11282051282051282
0.8911290322580645 0.11333333333333333
0.891566265060241 0.11384615384615385
0.892 0.11435897435897435
0.8924302788844621 0.11487179487179487
0.8888888888888888 0.11487179487179487
0.8853754940711462 0.11487179487179487
0.8858267716535433 0.11538461538461539
0.8862745098039215 0.1158974358974359
0.88671875 0.11641025641025642
0.8871595330739299 0.11692307692307692
0.8875968992248062 0.11743589743589744
0.888030888030888 0.11794871794871795
0.8884615384615384 0.11846153846153847
0.8888888888888888 0.11897435897435897
0.8893129770992366 0.11948717948717949
0.8897338403041825 0.12
0.8901515151515151 0.12051282051282051
0.8905660377358491 0.12102564102564102
0.8909774436090225 0.12153846153846154
0.8913857677902621 0.12205128205128205
0.8917910447761194 0.12256410256410256
0.8921933085501859 0.12307692307692308
0.8925925925925926 0.12358974358974359
0.8929889298892989 0.12410256410256411
0.8933823529411765 0.12461538461538461
0.8937728937728938 0.12512820512820513
0.8941605839416058 0.12564102564102564
0.8945454545454545 0.12615384615384614
0.8913043478260869 0.12615384615384614
0.8880866425992779 0.12615384615384614
0.8884892086330936 0.12666666666666668
0.8853046594982079 0.12666666666666668
0.8857142857142857 0.12717948717948718
0.8861209964412812 0.1276923076923077
0.8865248226950354 0.1282051282051282
0.8869257950530035 0.12871794871794873
0.8873239436619719 0.12923076923076923
0.887719298245614 0.12974358974358974
0.8881118881118881 0.13025641025641024
0.8850174216027874 0.13025641025641024
0.8854166666666666 0.13076923076923078
0.8823529411764706 0.13076923076923078
0.8827586206896552 0.13128205128205128
0.8831615120274914 0.1317948717948718
0.8835616438356164 0.13230769230769232
0.8839590443686007 0.13282051282051283
0.8843537414965986 0.13333333333333333
0.8813559322033898 0.13333333333333333
0.8817567567567568 0.13384615384615384
0.8821548821548821 0.13435897435897437
0.8791946308724832 0.13435897435897437
0.8762541806020067 0.13435897435897437
0.8766666666666667 0.13487179487179488
0.8737541528239202 0.13487179487179488
0.8708609271523179 0.13487179487179488
0.8712871287128713 0.13538461538461538
0.8717105263157895 0.1358974358974359
0.8721311475409836 0.13641025641025642
0.8725490196078431 0.13692307692307693
0.8729641693811075 0.13743589743589743
0.8733766233766234 0.13794871794871794
0.8737864077669902 0.13846153846153847
0.8741935483870967 0.13897435897435897
0.8713826366559485 0.13897435897435897
0.8717948717948718 0.13948717948717948
0.8722044728434505 0.14
0.8694267515923567 0.14
0.8698412698412699 0.14051282051282052
0.8670886075949367 0.14051282051282052
0.8675078864353313 0.14102564102564102
0.8647798742138365 0.14102564102564102
0.8652037617554859 0.14153846153846153
0.865625 0.14205128205128206
0.8629283489096573 0.14205128205128206
0.8633540372670807 0.14256410256410257
0.8637770897832817 0.14307692307692307
0.8641975308641975 0.14358974358974358
0.8615384615384616 0.14358974358974358
0.8588957055214724 0.14358974358974358
0.8593272171253823 0.1441025641025641
0.8597560975609756 0.14461538461538462
0.8601823708206687 0.14512820512820512
0.8606060606060606 0.14564102564102563
0.8610271903323263 0.14615384615384616
0.8614457831325302 0.14666666666666667
0.8588588588588588 0.14666666666666667
0.8562874251497006 0.14666666666666667
0.8537313432835821 0.14666666666666667
0.8541666666666666 0.14717948717948717
0.8545994065281899 0.1476923076923077
0.8550295857988166 0.1482051282051282
0.855457227138643 0.14871794871794872
0.8558823529411764 0.14923076923076922
0.8563049853372434 0.14974358974358976
0.8538011695906432 0.14974358974358976
0.8542274052478134 0.15025641025641026
0.8546511627906976 0.15076923076923077
0.855072463768116 0.15128205128205127
0.8554913294797688 0.1517948717948718
0.8559077809798271 0.1523076923076923
0.853448275862069 0.1523076923076923
0.8538681948424068 0.15282051282051282
0.8514285714285714 0.15282051282051282
0.8518518518518519 0.15333333333333332
0.8522727272727273 0.15384615384615385
0.8498583569405099 0.15384615384615385
0.847457627118644 0.15384615384615385
0.847887323943662 0.15435897435897436
0.8455056179775281 0.15435897435897436
0.84593837535014 0.15487179487179487
0.8463687150837989 0.15538461538461537
0.8440111420612814 0.15538461538461537
0.8416666666666667 0.15538461538461537
0.8421052631578947 0.1558974358974359
0.8397790055248618 0.1558974358974359
0.8402203856749312 0.1564102564102564
0.8379120879120879 0.1564102564102564
0.8356164383561644 0.1564102564102564
0.8360655737704918 0.15692307692307692
0.8365122615803815 0.15743589743589745
0.8342391304347826 0.15743589743589745
0.8346883468834688 0.15794871794871795
0.8351351351351352 0.15846153846153846
0.8355795148247979 0.15897435897435896
0.8360215053763441 0.1594871794871795
0.8364611260053619 0.16
0.8342245989304813 0.16
0.832 0.16
0.8324468085106383 0.1605128205128205
0.8328912466843501 0.16102564102564101
0.8333333333333334 0.16153846153846155
0.8311345646437994 0.16153846153846155
0.8289473684210527 0.16153846153846155
0.8267716535433071 0.16153846153846155
0.8272251308900523 0.16205128205128205
0.8276762402088773 0.16256410256410256
0.828125 0.16307692307692306
0.825974025974026 0.16307692307692306
0.8264248704663213 0.1635897435897436
0.8268733850129198 0.1641025641025641
0.8273195876288659 0.1646153846153846
0.8277634961439588 0.16512820512820514
0.8282051282051283 0.16564102564102565
0.8260869565217391 0.16564102564102565
0.826530612244898 0.16615384615384615
0.8269720101781171 0.16666666666666666
0.8248730964467005 0.16666666666666666
0.8253164556962025 0.1671794871794872
0.8232323232323232 0.1671794871794872
0.8211586901763224 0.1671794871794872
0.821608040201005 0.1676923076923077
0.8220551378446115 0.1682051282051282
0.8225 0.1687179487179487
0.8204488778054863 0.1687179487179487
0.8208955223880597 0.16923076923076924
0.8213399503722084 0.16974358974358975
0.8217821782178217 0.17025641025641025
0.8222222222222222 0.17076923076923076
0.8226600985221675 0.1712820512820513
0.8206388206388207 0.1712820512820513
0.821078431372549 0.1717948717948718
0.8215158924205379 0.1723076923076923
0.8219512195121951 0.17282051282051283
0.8223844282238443 0.17333333333333334
0.8203883495145631 0.17333333333333334
0.8184019370460048 0.17333333333333334
0.8188405797101449 0.17384615384615384
0.8192771084337349 0.17435897435897435
0.8197115384615384 0.17487179487179488
0.8201438848920863 0.1753846153846154
0.8205741626794258 0.1758974358974359
0.8210023866348448 0.1764102564102564
0.8214285714285714 0.17692307692307693
0.8218527315914489 0.17743589743589744
0.8222748815165877 0.17794871794871794
0.8226950354609929 0.17846153846153845
0.8231132075471698 0.17897435897435898
0.8235294117647058 0.1794871794871795
0.8215962441314554 0.1794871794871795
0.8220140515222483 0.18
0.822429906542056 0.18051282051282053
0.8228438228438228 0.18102564102564103
0.8209302325581396 0.18102564102564103
0.8213457076566125 0.18153846153846154
0.8217592592592593 0.18205128205128204
0.8221709006928406 0.18256410256410258
0.8202764976958525 0.18256410256410258
0.8206896551724138 0.18307692307692308
0.8211009174311926 0.1835897435897436
0.8215102974828375 0.1841025641025641
0.821917808219178 0.18461538461538463
0.8200455580865603 0.18461538461538463
0.8181818181818182 0.18461538461538463
0.81859410430839 0.18512820512820513
0.8190045248868778 0.18564102564102564
0.8171557562076749 0.18564102564102564
0.8175675675675675 0.18615384615384614
0.8179775280898877 0.18666666666666668
0.8161434977578476 0.18666666666666668
0.8165548098434005 0.18717948717948718
0.8169642857142857 0.18769230769230769
0.8173719376391982 0.1882051282051282
0.8177777777777778 0.18871794871794872
0.8181818181818182 0.18923076923076923
0.8185840707964602 0.18974358974358974
0.8167770419426048 0.18974358974358974
0.8149779735682819 0.18974358974358974
0.8153846153846154 0.19025641025641027
0.8157894736842105 0.19076923076923077
0.8161925601750547 0.19128205128205128
0.8165938864628821 0.19179487179487179
0.8169934640522876 0.19230769230769232
0.8173913043478261 0.19282051282051282
0.8177874186550976 0.19333333333333333
0.8181818181818182 0.19384615384615383
0.8185745140388769 0.19435897435897437
0.8189655172413793 0.19487179487179487
0.8172043010752689 0.19487179487179487
0.8175965665236051 0.19538461538461538
0.8179871520342612 0.19589743589743588
0.8162393162393162 0.19589743589743588
0.8166311300639659 0.19641025641025642
0.8148936170212766 0.19641025641025642
0.8131634819532909 0.19641025641025642
0.8135593220338984 0.19692307692307692
0.8118393234672304 0.19692307692307692
0.810126582278481 0.19692307692307692
0.8105263157894737 0.19743589743589743
0.8109243697478992 0.19794871794871796
0.8113207547169812 0.19846153846153847
0.8096234309623431 0.19846153846153847
0.8100208768267223 0.19897435897435897
0.8083333333333333 0.19897435897435897
0.8087318087318087 0.19948717948717948
0.8070539419087137 0.19948717948717948
0.8074534161490683 0.2
0.8078512396694215 0.20051282051282052
0.8082474226804124 0.20102564102564102
0.808641975308642 0.20153846153846153
0.8069815195071869 0.20153846153846153
0.8073770491803278 0.20205128205128206
0.8077709611451943 0.20256410256410257
0.8081632653061225 0.20307692307692307
0.8085539714867617 0.20358974358974358
0.8089430894308943 0.2041025641025641
0.8093306288032455 0.20461538461538462
0.8076923076923077 0.20461538461538462
0.8080808080808081 0.20512820512820512
0.8064516129032258 0.20512820512820512
0.806841046277666 0.20564102564102565
0.8072289156626506 0.20615384615384616
0.8076152304609219 0.20666666666666667
0.806 0.20666666666666667
0.8063872255489022 0.20717948717948717
0.8067729083665338 0.2076923076923077
0.8071570576540755 0.2082051282051282
0.8075396825396826 0.20871794871794871
0.805940594059406 0.20871794871794871
0.8043478260869565 0.20871794871794871
0.8047337278106509 0.20923076923076922
0.8051181102362205 0.20974358974358975
0.8055009823182712 0.21025641025641026
0.803921568627451 0.21025641025641026
0.8043052837573386 0.21076923076923076
0.8046875 0.21128205128205127
0.8050682261208577 0.2117948717948718
0.8054474708171206 0.2123076923076923
0.8058252427184466 0.2128205128205128
0.8062015503875969 0.21333333333333335
0.8065764023210832 0.21384615384615385
0.806949806949807 0.21435897435897436
0.8073217726396917 0.21487179487179486
0.8076923076923077 0.2153846153846154
0.8080614203454894 0.2158974358974359
0.8084291187739464 0.2164102564102564
0.8087954110898662 0.2169230769230769
0.8072519083969466 0.2169230769230769
0.8076190476190476 0.21743589743589745
0.8079847908745247 0.21794871794871795
0.8083491461100569 0.21846153846153846
0.8068181818181818 0.21846153846153846
0.8052930056710775 0.21846153846153846
0.8056603773584906 0.21897435897435896
0.8060263653483992 0.2194871794871795
0.806390977443609 0.22
0.8048780487804879 0.22
0.8052434456928839 0.2205128205128205
0.8037383177570093 0.2205128205128205
0.8041044776119403 0.221025641025641
0.8044692737430168 0.22153846153846155
0.8029739776951673 0.22153846153846155
0.8033395176252319 0.22205128205128205
0.8037037037037037 0.22256410256410256
0.8022181146025879 0.22256410256410256
0.8025830258302583 0.2230769230769231
0.8029465930018416 0.2235897435897436
0.8014705882352942 0.2235897435897436
0.8018348623853211 0.2241025641025641
0.8021978021978022 0.2246153846153846
0.8025594149908593 0.22512820512820514
0.8029197080291971 0.22564102564102564
0.8032786885245902 0.22615384615384615
0.8036363636363636 0.22666666666666666
0.8021778584392014 0.22666666666666666
0.8007246376811594 0.22666666666666666
0.7992766726943942 0.22666666666666666
0.7978339350180506 0.22666666666666666
0.7981981981981981 0.2271794871794872
0.7985611510791367 0.2276923076923077
0.7989228007181328 0.2282051282051282
0.7974910394265233 0.2282051282051282
0.7978533094812165 0.2287179487179487
0.7964285714285714 0.2287179487179487
0.7950089126559715 0.2287179487179487
0.7953736654804271 0.22923076923076924
0.7957371225577264 0.22974358974358974
0.7943262411347518 0.22974358974358974
0.7929203539823009 0.22974358974358974
0.7932862190812721 0.23025641025641025
0.7936507936507936 0.23076923076923078
0.7940140845070423 0.2312820512820513
0.7943760984182777 0.2317948717948718
0.7947368421052632 0.2323076923076923
0.7950963222416813 0.23282051282051283
0.7937062937062938 0.23282051282051283
0.7923211169284468 0.23282051282051283
0.7926829268292683 0.23333333333333334
0.7913043478260869 0.23333333333333334
0.7899305555555556 0.23333333333333334
0.7885615251299827 0.23333333333333334
0.7889273356401384 0.23384615384615384
0.7892918825561313 0.23435897435897435
0.7896551724137931 0.23487179487179488
0.7900172117039587 0.2353846153846154
0.7903780068728522 0.2358974358974359
0.79073756432247 0.2364102564102564
0.791095890410959 0.23692307692307693
0.7914529914529914 0.23743589743589744
0.7918088737201365 0.23794871794871794
0.7904599659284497 0.23794871794871794
0.7891156462585034 0.23794871794871794
0.7894736842105263 0.23846153846153847
0.7898305084745763 0.23897435897435898
0.7884940778341794 0.23897435897435898
0.7888513513513513 0.23948717948717949
0.7892074198988196 0.24
0.7895622895622896 0.24051282051282052
0.788235294117647 0.24051282051282052
0.7885906040268457 0.24102564102564103
0.7889447236180904 0.24153846153846154
0.7876254180602007 0.24153846153846154
0.7879799666110183 0.24205128205128204
0.7883333333333333 0.24256410256410257
0.7886855241264559 0.24307692307692308
0.7890365448504983 0.24358974358974358
0.7893864013266998 0.2441025641025641
0.7897350993377483 0.24461538461538462
0.7900826446280992 0.24512820512820513
0.7904290429042904 0.24564102564102563
0.7907742998352554 0.24615384615384617
0.7894736842105263 0.24615384615384617
0.7898193760262726 0.24666666666666667
0.7885245901639344 0.24666666666666667
0.7888707037643208 0.24717948717948718
0.7875816993464052 0.24717948717948718
0.7879282218597063 0.24769230769230768
0.7882736156351792 0.24820512820512822
0.7886178861788617 0.24871794871794872
0.788961038961039 0.24923076923076923
0.7893030794165316 0.24974358974358973
0.7896440129449838 0.25025641025641027
0.789983844911147 0.25076923076923074
0.7903225806451613 0.2512820512820513
0.7906602254428341 0.2517948717948718
0.7909967845659164 0.2523076923076923
0.7913322632423756 0.2528205128205128
0.7916666666666666 0.25333333333333335
0.792 0.25384615384615383
0.7907348242811502 0.25384615384615383
0.7910685805422647 0.25435897435897437
0.7914012738853503 0.2548717948717949
0.7901430842607313 0.2548717948717949
0.7904761904761904 0.2553846153846154
0.7908082408874801 0.2558974358974359
0.7895569620253164 0.2558974358974359
0.7883096366508688 0.2558974358974359
0.7870662460567823 0.2558974358974359
0.7874015748031497 0.2564102564102564
0.7861635220125787 0.2564102564102564
0.7864992150706437 0.2569230769230769
0.786833855799373 0.25743589743589745
0.7871674491392802 0.25794871794871793
0.7875 0.25846153846153846
0.7862714508580343 0.25846153846153846
0.7866043613707165 0.258974358974359
0.7869362363919129 0.2594871794871795
0.7872670807453416 0.26
0.7875968992248062 0.2605128205128205
0.7863777089783281 0.2605128205128205
0.7851622874806801 0.2605128205128205
0.7854938271604939 0.261025641025641
0.785824345146379 0.26153846153846155
0.7846153846153846 0.26153846153846155
0.7849462365591398 0.26205128205128203
0.7852760736196319 0.26256410256410256
0.7856049004594181 0.2630769230769231
0.7844036697247706 0.2630769230769231
0.7847328244274809 0.2635897435897436
0.7850609756097561 0.2641025641025641
0.7853881278538812 0.26461538461538464
0.7857142857142857 0.2651282051282051
0.7860394537177542 0.26564102564102565
0.7863636363636364 0.26615384615384613
0.7866868381240545 0.26666666666666666
0.7870090634441088 0.2671794871794872
0.7873303167420814 0.2676923076923077
0.786144578313253 0.2676923076923077
0.7864661654135339 0.2682051282051282
0.7852852852852853 0.2682051282051282
0.7856071964017991 0.26871794871794874
0.7844311377245509 0.26871794871794874
0.7832585949177877 0.26871794871794874
0.7835820895522388 0.2692307692307692
0.7839046199701938 0.26974358974358975
0.7842261904761905 0.27025641025641023
0.7845468053491828 0.27076923076923076
0.7848664688427299 0.2712820512820513
0.7837037037037037 0.2712820512820513
0.7840236686390533 0.2717948717948718
0.7828655834564254 0.2717948717948718
0.7817109144542773 0.2717948717948718
0.7820324005891016 0.2723076923076923
0.7808823529411765 0.2723076923076923
0.7812041116005873 0.27282051282051284
0.781524926686217 0.2733333333333333
0.780380673499268 0.2733333333333333
0.7792397660818714 0.2733333333333333
0.7781021897810219 0.2733333333333333
0.7784256559766763 0.27384615384615385
0.7787481804949054 0.2743589743589744
0.7790697674418605 0.27487179487179486
0.7793904208998549 0.2753846153846154
0.7797101449275362 0.27589743589743587
0.7800289435600579 0.2764102564102564
0.7803468208092486 0.27692307692307694
0.7792207792207793 0.27692307692307694
0.7795389048991355 0.2774358974358974
0.7798561151079136 0.27794871794871795
0.7787356321839081 0.27794871794871795
0.7776183644189383 0.27794871794871795
0.7779369627507163 0.2784615384615385
0.7782546494992847 0.27897435897435896
0.7771428571428571 0.27897435897435896
0.7774607703281027 0.2794871794871795
0.7763532763532763 0.2794871794871795
0.7766714082503556 0.28
0.7755681818181818 0.28
0.775886524822695 0.2805128205128205
0.7747875354107648 0.2805128205128205
0.7751060820367751 0.28102564102564104
0.7740112994350282 0.28102564102564104
0.7729196050775741 0.28102564102564104
0.7718309859154929 0.28102564102564104
0.7721518987341772 0.2815384615384615
0.7724719101123596 0.28205128205128205
0.7727910238429172 0.2825641025641026
0.7717086834733894 0.2825641025641026
0.772027972027972 0.28307692307692306
0.770949720670391 0.28307692307692306
0.7712691771269177 0.2835897435897436
0.7701949860724234 0.2835897435897436
0.7691237830319889 0.2835897435897436
0.7694444444444445 0.2841025641025641
0.7697642163661581 0.2846153846153846
0.7700831024930748 0.28512820512820514
0.7704011065006916 0.2856410256410256
0.7707182320441989 0.28615384615384615
0.7710344827586207 0.2866666666666667
0.7713498622589532 0.28717948717948716
0.7702888583218707 0.28717948717948716
0.7706043956043956 0.2876923076923077
0.7709190672153635 0.2882051282051282
0.7712328767123288 0.2887179487179487
0.771545827633379 0.28923076923076924
0.7718579234972678 0.28974358974358977
0.7708049113233287 0.28974358974358977
0.771117166212534 0.29025641025641025
0.7714285714285715 0.2907692307692308
0.7703804347826086 0.2907692307692308
0.7706919945725916 0.29128205128205126
0.7696476964769647 0.29128205128205126
0.7699594046008119 0.2917948717948718
0.7702702702702703 0.2923076923076923
0.7705802968960864 0.2928205128205128
0.77088948787062 0.29333333333333333
0.7698519515477793 0.29333333333333333
0.7701612903225806 0.29384615384615387
0.7704697986577181 0.29435897435897435
0.7707774798927614 0.2948717948717949
0.7697456492637216 0.2948717948717949
0.7687165775401069 0.2948717948717949
0.7690253671562083 0.2953846153846154
0.7693333333333333 0.2958974358974359
0.7696404793608522 0.2964102564102564
0.7699468085106383 0.2969230769230769
0.7702523240371846 0.29743589743589743
0.7705570291777188 0.29794871794871797
0.7708609271523179 0.29846153846153844
0.7698412698412699 0.29846153846153844
0.7688243064729194 0.29846153846153844
0.7678100263852242 0.29846153846153844
0.766798418972332 0.29846153846153844
0.7671052631578947 0.298974358974359
0.7674113009198423 0.2994871794871795
0.7677165354330708 0.3
0.7680209698558322 0.3005128205128205
0.7670157068062827 0.3005128205128205
0.7673202614379085 0.301025641025641
0.7676240208877284 0.30153846153846153
0.7666232073011734 0.30153846153846153
0.765625 0.30153846153846153
0.7659297789336801 0.30205128205128207
0.7662337662337663 0.30256410256410254
0.7665369649805448 0.3030769230769231
0.7655440414507773 0.3030769230769231
0.7645536869340233 0.3030769230769231
0.7648578811369509 0.3035897435897436
0.7651612903225806 0.3041025641025641
0.7641752577319587 0.3041025641025641
0.7644787644787645 0.3046153846153846
0.7634961439588689 0.3046153846153846
0.7625160462130937 0.3046153846153846
0.7628205128205128 0.30512820512820515
0.7618437900128041 0.30512820512820515
0.7621483375959079 0.30564102564102563
0.7611749680715197 0.30564102564102563
0.7614795918367347 0.30615384615384617
0.7617834394904459 0.30666666666666664
0.7608142493638677 0.30666666666666664
0.7598475222363406 0.30666666666666664
0.7601522842639594 0.3071794871794872
0.7591888466413181 0.3071794871794872
0.759493670886076 0.3076923076923077
0.7597977243994943 0.3082051282051282
0.76010101010101 0.3087179487179487
0.7591424968474149 0.3087179487179487
0.7594458438287154 0.30923076923076925
0.7584905660377359 0.30923076923076925
0.757537688442211 0.30923076923076925
0.7578419071518193 0.30974358974358973
0.7568922305764411 0.30974358974358973
0.7571964956195244 0.31025641025641026
0.75625 0.31025641025641026
0.7565543071161048 0.31076923076923074
0.7556109725685786 0.31076923076923074
0.7559153175591532 0.3112820512820513
0.7549751243781094 0.3112820512820513
0.7552795031055901 0.3117948717948718
0.7543424317617866 0.3117948717948718
0.7546468401486989 0.3123076923076923
0.754950495049505 0.3128205128205128
0.7552533992583437 0.31333333333333335
0.754320987654321 0.31333333333333335
0.7533908754623921 0.31333333333333335
0.7524630541871922 0.31333333333333335
0.7527675276752768 0.31384615384615383
0.7530712530712531 0.31435897435897436
0.7533742331288343 0.3148717948717949
0.7524509803921569 0.3148717948717949
0.7515299877600979 0.3148717948717949
0.7518337408312958 0.3153846153846154
0.7521367521367521 0.3158974358974359
0.751219512195122 0.3158974358974359
0.7503045066991474 0.3158974358974359
0.7493917274939172 0.3158974358974359
0.7484811664641555 0.3158974358974359
0.7487864077669902 0.3164102564102564
0.7490909090909091 0.3169230769230769
0.7481840193704601 0.3169230769230769
0.747279322853688 0.3169230769230769
0.7463768115942029 0.3169230769230769
0.7466827503015682 0.31743589743589745
0.7469879518072289 0.31794871794871793
0.7472924187725631 0.31846153846153846
0.7463942307692307 0.31846153846153846
0.7466986794717887 0.318974358974359
0.7470023980815348 0.3194871794871795
0.7461077844311377 0.3194871794871795
0.7464114832535885 0.32
0.7467144563918757 0.32051282051282054
0.747016706443914 0.321025641025641
0.7473182359952324 0.32153846153846155
0.7476190476190476 0.32205128205128203
0.746730083234245 0.32205128205128203
0.7470308788598575 0.32256410256410256
0.7461447212336892 0.32256410256410256
0.7464454976303317 0.3230769230769231
0.7455621301775148 0.3230769230769231
0.7446808510638298 0.3230769230769231
0.7449822904368358 0.3235897435897436
0.7441037735849056 0.3235897435897436
0.7432273262661955 0.3235897435897436
0.7435294117647059 0.3241025641025641
0.7426556991774383 0.3241025641025641
0.7429577464788732 0.32461538461538464
0.7432590855803048 0.3251282051282051
0.7435597189695551 0.32564102564102565
0.743859649122807 0.3261538461538461
0.7441588785046729 0.32666666666666666
0.7444574095682613 0.3271794871794872
0.7435897435897436 0.3271794871794872
0.7427240977881258 0.3271794871794872
0.7418604651162791 0.3271794871794872
0.7409988385598142 0.3271794871794872
0.7412993039443155 0.32769230769230767
0.7415990730011588 0.3282051282051282
0.7418981481481481 0.32871794871794874
0.7410404624277457 0.32871794871794874
0.7401847575057737 0.32871794871794874
0.740484429065744 0.3292307692307692
0.7396313364055299 0.3292307692307692
0.7399309551208285 0.32974358974358975
0.7402298850574712 0.3302564102564103
0.7393800229621125 0.3302564102564103
0.7385321100917431 0.3302564102564103
0.738831615120275 0.33076923076923076
0.7391304347826086 0.3312820512820513
0.7382857142857143 0.3312820512820513
0.7385844748858448 0.33179487179487177
0.7388825541619156 0.3323076923076923
0.7391799544419134 0.33282051282051284
0.7394766780432309 0.3333333333333333
0.7397727272727272 0.33384615384615385
0.738933030646992 0.33384615384615385
0.7392290249433107 0.3343589743589744
0.7383918459796149 0.3343589743589744
0.7375565610859729 0.3343589743589744
0.7378531073446327 0.33487179487179486
0.7370203160270881 0.33487179487179486
0.7361894024802705 0.33487179487179486
0.7353603603603603 0.33487179487179486
0.735658042744657 0.3353846153846154
0.7359550561797753 0.33589743589743587
0.7351290684624018 0.33589743589743587
0.734304932735426 0.33589743589743587
0.7334826427771557 0.33589743589743587
0.7337807606263982 0.3364102564102564
0.7340782122905027 0.33692307692307694
0.734375 0.3374358974358974
0.7335562987736901 0.3374358974358974
0.7338530066815144 0.33794871794871795
0.7330367074527252 0.33794871794871795
0.7333333333333333 0.3384615384615385
0.732519422863485 0.3384615384615385
0.7317073170731707 0.3384615384615385
0.7320044296788483 0.33897435897435896
0.7311946902654868 0.33897435897435896
0.7303867403314918 0.33897435897435896
0.7306843267108167 0.3394871794871795
0.7309812568908489 0.34
0.7301762114537445 0.34
0.7304730473047305 0.3405128205128205
0.7307692307692307 0.34102564102564104
0.7310647639956093 0.3415384615384615
0.731359649122807 0.34205128205128205
0.7316538882803943 0.3425641025641026
0.7319474835886215 0.34307692307692306
0.7311475409836066 0.34307692307692306
0.730349344978166 0.34307692307692306
0.7295528898582334 0.34307692307692306
0.7298474945533769 0.3435897435897436
0.7290533188248096 0.3435897435897436
0.7282608695652174 0.3435897435897436
0.7285559174809989 0.3441025641025641
0.7288503253796096 0.3446153846153846
0.7291440953412784 0.34512820512820513
0.7294372294372294 0.34564102564102567
0.7286486486486486 0.34564102564102567
0.7278617710583153 0.34564102564102567
0.7281553398058253 0.34615384615384615
0.7273706896551724 0.34615384615384615
0.7265877287405813 0.34615384615384615
0.7258064516129032 0.34615384615384615
0.7250268528464017 0.34615384615384615
0.7242489270386266 0.34615384615384615
0.7245444801714899 0.3466666666666667
0.7248394004282656 0.34717948717948716
0.7240641711229947 0.34717948717948716
0.7243589743589743 0.3476923076923077
0.7246531483457844 0.3482051282051282
0.7249466950959488 0.3487179487179487
0.7252396166134185 0.34923076923076923
0.725531914893617 0.34974358974358977
0.7258235919234857 0.35025641025641024
0.7261146496815286 0.3507692307692308
0.7264050901378579 0.35128205128205126
0.7266949152542372 0.3517948717948718
0.725925925925926 0.3517948717948718
0.726215644820296 0.3523076923076923
0.7254487856388595 0.3523076923076923
0.7246835443037974 0.3523076923076923
0.7239199157007377 0.3523076923076923
0.7242105263157895 0.3528205128205128
0.7234490010515248 0.3528205128205128
0.7226890756302521 0.3528205128205128
0.7219307450157397 0.3528205128205128
0.7211740041928721 0.3528205128205128
0.7214659685863875 0.35333333333333333
0.7217573221757322 0.35384615384615387
0.7210031347962382 0.35384615384615387
0.721294363256785 0.35435897435897434
0.7205422314911366 0.35435897435897434
0.7208333333333333 0.3548717948717949
0.7200832466181062 0.3548717948717949
0.7203742203742204 0.3553846153846154
0.7206645898234684 0.3558974358974359
0.7199170124481328 0.3558974358974359
0.7202072538860104 0.3564102564102564
0.7204968944099379 0.3569230769230769
0.7197518097207859 0.3569230769230769
0.71900826446281 0.3569230769230769
0.718266253869969 0.3569230769230769
0.7175257731958763 0.3569230769230769
0.7167868177136972 0.3569230769230769
0.7160493827160493 0.3569230769230769
0.7153134635149023 0.3569230769230769
0.715605749486653 0.35743589743589743
0.7148717948717949 0.35743589743589743
0.7151639344262295 0.35794871794871796
0.714431934493347 0.35794871794871796
0.7137014314928425 0.35794871794871796
0.7129724208375894 0.35794871794871796
0.7122448979591837 0.35794871794871796
0.7125382262996942 0.35846153846153844
0.7118126272912424 0.35846153846153844
0.711088504577823 0.35846153846153844
0.7103658536585366 0.35846153846153844
0.7106598984771574 0.358974358974359
0.7109533468559838 0.3594871794871795
0.7112462006079028 0.36
0.7115384615384616 0.3605128205128205
0.7118301314459049 0.36102564102564105
0.7121212121212122 0.36153846153846153
0.7124117053481333 0.36205128205128206
0.7116935483870968 0.36205128205128206
0.7119838872104733 0.36256410256410254
0.7122736418511066 0.3630769230769231
0.7115577889447237 0.3630769230769231
0.7108433734939759 0.3630769230769231
0.7111334002006018 0.3635897435897436
0.7104208416833667 0.3635897435897436
0.7107107107107107 0.3641025641025641
0.71 0.3641025641025641
0.7092907092907093 0.3641025641025641
0.7095808383233533 0.3646153846153846
0.7098703888334995 0.36512820512820515
0.7101593625498008 0.36564102564102563
0.709452736318408 0.36564102564102563
0.709741550695825 0.36615384615384616
0.7090367428003972 0.36615384615384616
0.7093253968253969 0.36666666666666664
0.709613478691774 0.3671794871794872
0.7099009900990099 0.3676923076923077
0.7101879327398615 0.3682051282051282
0.7104743083003953 0.3687179487179487
0.7107601184600197 0.36923076923076925
0.7110453648915187 0.36974358974358973
0.7103448275862069 0.36974358974358973
0.7096456692913385 0.36974358974358973
0.7089478859390363 0.36974358974358973
0.7082514734774067 0.36974358974358973
0.7085377821393523 0.37025641025641026
0.707843137254902 0.37025641025641026
0.7081292850146915 0.3707692307692308
0.7084148727984344 0.3712820512820513
0.7086999022482894 0.3717948717948718
0.7080078125 0.3717948717948718
0.7082926829268292 0.3723076923076923
0.7076023391812866 0.3723076923076923
0.7078870496592016 0.3728205128205128
0.708171206225681 0.37333333333333335
0.7074829931972789 0.37333333333333335
0.7077669902912621 0.37384615384615383
0.7070805043646945 0.37384615384615383
0.7073643410852714 0.37435897435897436
0.707647628267183 0.3748717948717949
0.7079303675048356 0.37538461538461537
0.7072463768115942 0.37538461538461537
0.7065637065637066 0.37538461538461537
0.7068466730954677 0.3758974358974359
0.7061657032755299 0.3758974358974359
0.7054860442733397 0.3758974358974359
0.7057692307692308 0.3764102564102564
0.7050912584053795 0.3764102564102564
0.7044145873320538 0.3764102564102564
0.7037392138063279 0.3764102564102564
0.7040229885057471 0.3769230769230769
0.7033492822966507 0.3769230769230769
0.7036328871892925 0.37743589743589745
0.7039159503342884 0.3779487179487179
0.7032442748091603 0.3779487179487179
0.7035271687321258 0.37846153846153846
0.7028571428571428 0.37846153846153846
0.70313986679353 0.378974358974359
0.7024714828897338 0.378974358974359
0.7018043684710351 0.378974358974359
0.7011385199240987 0.378974358974359
0.7014218009478673 0.37948717948717947
0.7017045454545454 0.38
0.7010406811731315 0.38
0.7003780718336484 0.38
0.7006610009442871 0.38051282051282054
0.7009433962264151 0.381025641025641
0.7012252591894439 0.38153846153846155
0.7005649717514124 0.38153846153846155
0.7008466603951082 0.382051282051282
0.700187969924812 0.382051282051282
0.6995305164319249 0.382051282051282
0.699812382739212 0.38256410256410256
0.7000937207122774 0.3830769230769231
0.699438202247191 0.3830769230769231
0.6997193638914874 0.38358974358974357
0.7 0.3841025641025641
0.7002801120448179 0.38461538461538464
0.6996268656716418 0.38461538461538464
0.6999068033550793 0.3851282051282051
0.6992551210428305 0.3851282051282051
0.6986046511627907 0.3851282051282051
0.6979553903345725 0.3851282051282051
0.6973073351903436 0.3851282051282051
0.6975881261595547 0.38564102564102565
0.6978683966635774 0.3861538461538462
0.6981481481481482 0.38666666666666666
0.6975023126734505 0.38666666666666666
0.6968576709796673 0.38666666666666666
0.6971375807940905 0.3871794871794872
0.6964944649446494 0.3871794871794872
0.6967741935483871 0.38769230769230767
0.6961325966850829 0.38769230769230767
0.6954921803127875 0.38769230769230767
0.6948529411764706 0.38769230769230767
0.6942148760330579 0.38769230769230767
0.6944954128440367 0.3882051282051282
0.694775435380385 0.38871794871794874
0.695054945054945 0.3892307692307692
0.6944190301921317 0.3892307692307692
0.6946983546617916 0.38974358974358975
0.6940639269406392 0.38974358974358975
0.6943430656934306 0.3902564102564103
0.6946216955332726 0.39076923076923076
0.6948998178506375 0.3912820512820513
0.6951774340309372 0.39179487179487177
0.6945454545454546 0.39179487179487177
0.6948228882833788 0.3923076923076923
0.6950998185117967 0.39282051282051283
0.6944696282864914 0.39282051282051283
0.6947463768115942 0.3933333333333333
0.6950226244343891 0.39384615384615385
0.6952983725135624 0.3943589743589744
0.6946702800361337 0.3943589743589744
0.694043321299639 0.3943589743589744
0.6934174932371506 0.3943589743589744
0.6936936936936937 0.39487179487179486
0.693069306930693 0.39487179487179486
0.6933453237410072 0.3953846153846154
0.6936208445642408 0.3958974358974359
0.6929982046678635 0.3958974358974359
0.6923766816143497 0.3958974358974359
0.6917562724014337 0.3958974358974359
0.6920322291853178 0.3964102564102564
0.6923076923076923 0.39692307692307693
0.6925826630920465 0.3974358974358974
0.6919642857142857 0.3974358974358974
0.6922390722569135 0.39794871794871794
0.6925133689839572 0.3984615384615385
0.6918967052537845 0.3984615384615385
0.6921708185053381 0.39897435897435896
0.6915555555555556 0.39897435897435896
0.6909413854351687 0.39897435897435896
0.6912156166814551 0.3994871794871795
0.6906028368794326 0.3994871794871795
0.6899911426040743 0.3994871794871795
0.6902654867256637 0.4
0.6896551724137931 0.4
0.6899293286219081 0.4005128205128205
0.6893203883495146 0.4005128205128205
0.689594356261023 0.40102564102564103
0.6889867841409691 0.40102564102564103
0.6892605633802817 0.4015384615384615
0.6886543535620053 0.4015384615384615
0.68804920913884 0.4015384615384615
0.6874451273046532 0.4015384615384615
0.6868421052631579 0.4015384615384615
0.6862401402278703 0.4015384615384615
0.6865148861646234 0.40205128205128204
0.6859142607174104 0.40205128205128204
0.6853146853146853 0.40205128205128204
0.6855895196506551 0.4025641025641026
0.6858638743455497 0.40307692307692305
0.6852659110723627 0.40307692307692305
0.6855400696864111 0.4035897435897436
0.6858137510879025 0.4041025641025641
0.6860869565217391 0.4046153846153846
0.6863596872284969 0.40512820512820513
0.6866319444444444 0.40564102564102567
0.6869037294015612 0.40615384615384614
0.6863084922010398 0.40615384615384614
0.6865800865800866 0.4066666666666667
0.6859861591695502 0.4066666666666667
0.6853932584269663 0.4066666666666667
0.6848013816925734 0.4066666666666667
0.6842105263157895 0.4066666666666667
0.6844827586206896 0.40717948717948715
0.6838931955211025 0.40717948717948715
0.6833046471600689 0.40717948717948715
0.6827171109200344 0.40717948717948715
0.6829896907216495 0.4076923076923077
0.6824034334763949 0.4076923076923077
0.6826758147512865 0.4082051282051282
0.6820908311910883 0.4082051282051282
0.6823630136986302 0.4087179487179487
0.6826347305389222 0.40923076923076923
0.6829059829059829 0.40974358974358976
0.6831767719897524 0.41025641025641024
0.6834470989761092 0.4107692307692308
0.6837169650468883 0.4112820512820513
0.6831345826235093 0.4112820512820513
0.683404255319149 0.4117948717948718
0.6836734693877551 0.4123076923076923
0.6839422259983008 0.4128205128205128
0.6833616298811545 0.4128205128205128
0.6836301950805768 0.41333333333333333
0.6838983050847458 0.41384615384615386
0.6841659610499576 0.41435897435897434
0.6835871404399323 0.41435897435897434
0.6830092983939138 0.41435897435897434
0.6824324324324325 0.41435897435897434
0.6818565400843882 0.41435897435897434
0.6812816188870152 0.41435897435897434
0.6807076663858467 0.41435897435897434
0.6801346801346801 0.41435897435897434
0.68040370058873 0.4148717948717949
0.6798319327731093 0.4148717948717949
0.6801007556675063 0.4153846153846154
0.6803691275167785 0.4158974358974359
0.6797988264878457 0.4158974358974359
0.6800670016750419 0.4164102564102564
0.6794979079497908 0.4164102564102564
0.6797658862876255 0.4169230769230769
0.6791979949874687 0.4169230769230769
0.6786310517529215 0.4169230769230769
0.6780650542118432 0.4169230769230769
0.6775 0.4169230769230769
0.6777685262281432 0.41743589743589743
0.6772046589018302 0.41743589743589743
0.6766417290108063 0.41743589743589743
0.6760797342192691 0.41743589743589743
0.6763485477178424 0.41794871794871796
0.675787728026534 0.41794871794871796
0.676056338028169 0.41846153846153844
0.6763245033112583 0.418974358974359
0.6757650951199339 0.418974358974359
0.675206611570248 0.418974358974359
0.6754748142031379 0.4194871794871795
0.6757425742574258 0.42
0.6751854905193735 0.42
0.6746293245469522 0.42
0.6748971193415638 0.4205128205128205
0.6751644736842105 0.42102564102564105
0.6754313886606409 0.42153846153846153
0.6748768472906403 0.42153846153846153
0.6743232157506153 0.42153846153846153
0.6737704918032786 0.42153846153846153
0.6732186732186732 0.42153846153846153
0.6726677577741408 0.42153846153846153
0.6729354047424366 0.42205128205128206
0.6723856209150327 0.42205128205128206
0.6718367346938775 0.42205128205128206
0.6721044045676998 0.42256410256410254
0.6715566422167889 0.42256410256410254
0.6718241042345277 0.4230769230769231
0.6712774613506917 0.4230769230769231
0.6707317073170732 0.4230769230769231
0.6709991876523151 0.4235897435897436
0.6712662337662337 0.4241025641025641
0.6707218167072182 0.4241025641025641
0.6701782820097245 0.4241025641025641
0.6704453441295547 0.4246153846153846
0.6699029126213593 0.4246153846153846
0.6701697655618432 0.42512820512820515
0.6696284329563813 0.42512820512820515
0.6698950766747377 0.4256410256410256
0.6693548387096774 0.4256410256410256
0.6688154713940371 0.4256410256410256
0.6690821256038647 0.42615384615384616
0.66934835076428 0.4266666666666667
0.6696141479099679 0.42717948717948717
0.6690763052208836 0.42717948717948717
0.6693418940609952 0.4276923076923077
0.6688051323175621 0.4276923076923077
0.6682692307692307 0.4276923076923077
0.6677341873498799 0.4276923076923077
0.6672 0.4276923076923077
0.6674660271782574 0.4282051282051282
0.6669329073482428 0.4282051282051282
0.6671987230646449 0.4287179487179487
0.6674641148325359 0.42923076923076925
0.6677290836653387 0.4297435897435897
0.6671974522292994 0.4297435897435897
0.6666666666666666 0.4297435897435897
0.6661367249602543 0.4297435897435897
0.6656076250992852 0.4297435897435897
0.665079365079365 0.4297435897435897
0.6653449643140364 0.43025641025641026
0.6648177496038035 0.43025641025641026
0.6642913697545526 0.43025641025641026
0.6645569620253164 0.4307692307692308
0.6640316205533597 0.4307692307692308
0.6635071090047393 0.4307692307692308
0.6629834254143646 0.4307692307692308
0.6632492113564669 0.43128205128205127
0.6635145784081954 0.4317948717948718
0.6637795275590551 0.4323076923076923
0.6632572777340676 0.4323076923076923
0.6635220125786163 0.4328205128205128
0.6630007855459544 0.4328205128205128
0.6624803767660911 0.4328205128205128
0.6619607843137255 0.4328205128205128
0.6622257053291536 0.43333333333333335
0.6617071260767423 0.43333333333333335
0.661189358372457 0.43333333333333335
0.6614542611415168 0.4338461538461538
0.66171875 0.43435897435897436
0.6619828259172521 0.4348717948717949
0.6614664586583463 0.4348717948717949
0.6609508963367108 0.4348717948717949
0.660436137071651 0.4348717948717949
0.6599221789883268 0.4348717948717949
0.6594090202177294 0.4348717948717949
0.6596736596736597 0.43538461538461537
0.6599378881987578 0.4358974358974359
0.6594259115593484 0.4358974358974359
0.6596899224806202 0.43641025641025644
0.6591789310611929 0.43641025641025644
0.6594427244582043 0.4369230769230769
0.6597061098221191 0.43743589743589745
0.6599690880989181 0.4379487179487179
0.6594594594594595 0.4379487179487179
0.6589506172839507 0.4379487179487179
0.6592135697764071 0.43846153846153846
0.6594761171032357 0.438974358974359
0.6597382602001539 0.43948717948717947
0.6592307692307692 0.43948717948717947
0.6594926979246734 0.44
0.6589861751152074 0.44
0.6584804297774367 0.44
0.6579754601226994 0.44
0.6582375478927203 0.44051282051282054
0.6577335375191424 0.44051282051282054
0.6579954093343535 0.441025641025641
0.658256880733945 0.44153846153846155
0.6585179526355996 0.442051282051282
0.6580152671755726 0.442051282051282
0.6575133485888635 0.442051282051282
0.6570121951219512 0.442051282051282
0.6572734196496572 0.44256410256410256
0.6575342465753424 0.4430769230769231
0.6577946768060836 0.44358974358974357
0.6572948328267477 0.44358974358974357
0.6575550493545937 0.4441025641025641
0.657814871016692 0.44461538461538463
0.6573161485974223 0.44461538461538463
0.6575757575757576 0.4451282051282051
0.6570779712339136 0.4451282051282051
0.6565809379727685 0.4451282051282051
0.656084656084656 0.4451282051282051
0.6555891238670695 0.4451282051282051
0.6558490566037736 0.44564102564102565
0.6553544494720965 0.44564102564102565
0.6548605877920121 0.44564102564102565
0.6543674698795181 0.44564102564102565
0.654627539503386 0.4461538461538462
0.6548872180451127 0.44666666666666666
0.6543951915852743 0.44666666666666666
0.6546546546546547 0.4471794871794872
0.654913728432108 0.44769230769230767
0.6551724137931034 0.4482051282051282
0.6546816479400749 0.4482051282051282
0.6541916167664671 0.4482051282051282
0.6537023186237846 0.4482051282051282
0.6532137518684604 0.4482051282051282
0.6534727408513816 0.44871794871794873
0.6529850746268657 0.44871794871794873
0.6532438478747203 0.4492307692307692
0.6527570789865872 0.4492307692307692
0.652271034996277 0.4492307692307692
0.6517857142857143 0.4492307692307692
0.6520446096654275 0.44974358974358974
0.6523031203566122 0.4502564102564103
0.651818856718634 0.4502564102564103
0.6513353115727003 0.4502564102564103
0.6515937731653076 0.45076923076923076
0.6518518518518519 0.4512820512820513
0.6513693560325685 0.4512820512820513
0.6516272189349113 0.4517948717948718
0.6511456023651145 0.4517948717948718
0.6506646971935007 0.4517948717948718
0.6501845018450184 0.4517948717948718
0.6504424778761062 0.4523076923076923
0.6507000736919676 0.45282051282051283
0.6502209131075111 0.45282051282051283
0.6504782928623988 0.4533333333333333
0.6507352941176471 0.45384615384615384
0.6502571638501102 0.45384615384615384
0.6497797356828194 0.45384615384615384
0.6493030080704328 0.45384615384615384
0.6495601173020528 0.4543589743589744
0.6490842490842491 0.4543589743589744
0.6486090775988287 0.4543589743589744
0.6488661302121433 0.45487179487179485
0.6491228070175439 0.4553846153846154
0.6493791088385683 0.4558974358974359
0.6489051094890511 0.4558974358974359
0.6491611962071481 0.4564102564102564
0.6486880466472303 0.4564102564102564
0.6482155863073562 0.4564102564102564
0.648471615720524 0.45692307692307693
0.648 0.45692307692307693
0.6482558139534884 0.4574358974358974
0.6477850399419027 0.4574358974358974
0.6480406386066764 0.45794871794871794
0.6475707034082668 0.45794871794871794
0.6478260869565218 0.4584615384615385
0.6473569876900797 0.4584615384615385
0.6468885672937771 0.4584615384615385
0.6464208242950108 0.4584615384615385
0.6466763005780347 0.45897435897435895
0.6469314079422382 0.4594871794871795
0.6464646464646465 0.4594871794871795
0.6467195385724586 0.46
0.6462536023054755 0.46
0.646508279337653 0.4605128205128205
0.6460431654676259 0.4605128205128205
0.6462976276060388 0.46102564102564103
0.6458333333333334 0.46102564102564103
0.6460875807609476 0.46153846153846156
0.6463414634146342 0.46205128205128204
0.6458781362007169 0.46205128205128204
0.6461318051575932 0.4625641025641026
0.6463851109520401 0.46307692307692305
0.6459227467811158 0.46307692307692305
0.6461758398856325 0.4635897435897436
0.6464285714285715 0.4641025641025641
0.6466809421841542 0.4646153846153846
0.6462196861626248 0.4646153846153846
0.6457590876692801 0.4646153846153846
0.646011396011396 0.46512820512820513
0.6455516014234876 0.46512820512820513
0.6450924608819346 0.46512820512820513
0.644633972992182 0.46512820512820513
0.6448863636363636 0.46564102564102566
0.64513839602555 0.46615384615384614
0.6453900709219859 0.4666666666666667
0.6449326718639263 0.4666666666666667
0.6444759206798867 0.4666666666666667
0.6447275300778486 0.46717948717948715
0.6449787835926449 0.4676923076923077
0.6445229681978799 0.4676923076923077
0.6440677966101694 0.4676923076923077
0.6436132674664785 0.4676923076923077
0.6431593794076164 0.4676923076923077
0.642706131078224 0.4676923076923077
0.6422535211267606 0.4676923076923077
0.6425052779732583 0.4682051282051282
0.6427566807313643 0.4687179487179487
0.6423049894588897 0.4687179487179487
0.6418539325842697 0.4687179487179487
0.6414035087719299 0.4687179487179487
0.6409537166900421 0.4687179487179487
0.6405045550105115 0.4687179487179487
0.6407563025210085 0.46923076923076923
0.6403079076277117 0.46923076923076923
0.6405594405594406 0.46974358974358976
0.6401118099231307 0.46974358974358976
0.6403631284916201 0.47025641025641024
0.6406140963014655 0.4707692307692308
0.6401673640167364 0.4707692307692308
0.6397212543554007 0.4707692307692308
0.6392757660167131 0.4707692307692308
0.6388308977035491 0.4707692307692308
0.6390820584144645 0.4712820512820513
0.6393328700486449 0.4717948717948718
0.6395833333333333 0.4723076923076923
0.6391394864677308 0.4723076923076923
0.6386962552011096 0.4723076923076923
0.6382536382536382 0.4723076923076923
0.6385041551246537 0.4728205128205128
0.6380622837370242 0.4728205128205128
0.6376210235131397 0.4728205128205128
0.6371803731859018 0.4728205128205128
0.6367403314917127 0.4728205128205128
0.6369910282953761 0.47333333333333333
0.636551724137931 0.47333333333333333
0.6368022053756031 0.47384615384615386
0.6370523415977961 0.47435897435897434
0.6366139022711631 0.47435897435897434
0.6368638239339752 0.4748717948717949
0.6371134020618556 0.4753846153846154
0.6366758241758241 0.4753846153846154
0.636238846945779 0.4753846153846154
0.6358024691358025 0.4753846153846154
0.6353666895133653 0.4753846153846154
0.6356164383561644 0.4758974358974359
0.6351813826146475 0.4758974358974359
0.6347469220246238 0.4758974358974359
0.6343130553656869 0.4758974358974359
0.6338797814207651 0.4758974358974359
0.6334470989761092 0.4758974358974359
0.6336971350613916 0.4764102564102564
0.6332651670074982 0.4764102564102564
0.6328337874659401 0.4764102564102564
0.6330837304288631 0.47692307692307695
0.6333333333333333 0.4774358974358974
0.6335825968728755 0.47794871794871796
0.6331521739130435 0.47794871794871796
0.6327223353699932 0.47794871794871796
0.6322930800542741 0.47794871794871796
0.632542372881356 0.47846153846153844
0.6327913279132791 0.47897435897435897
0.6330399458361544 0.4794871794871795
0.6332882273342354 0.48
0.6328600405679513 0.48
0.6331081081081081 0.4805128205128205
0.6326806212018906 0.4805128205128205
0.6329284750337382 0.48102564102564105
0.6325016857720837 0.48102564102564105
0.6327493261455526 0.4815384615384615
0.6323232323232323 0.4815384615384615
0.6318977119784657 0.4815384615384615
0.6314727639542703 0.4815384615384615
0.6310483870967742 0.4815384615384615
0.6306245802552048 0.4815384615384615
0.6308724832214765 0.48205128205128206
0.6311200536552649 0.48256410256410254
0.6306970509383378 0.48256410256410254
0.6302746148693905 0.48256410256410254
0.6305220883534136 0.48307692307692307
0.6301003344481605 0.48307692307692307
0.6296791443850267 0.48307692307692307
0.6299265197060788 0.4835897435897436
0.6295060080106809 0.4835897435897436
0.6297531687791861 0.4841025641025641
0.6293333333333333 0.4841025641025641
0.6289140572951366 0.4841025641025641
0.6291611185086551 0.4846153846153846
0.6294078509647372 0.48512820512820515
0.6289893617021277 0.48512820512820515
0.6285714285714286 0.48512820512820515
0.6281540504648074 0.48512820512820515
0.6277372262773723 0.48512820512820515
0.6273209549071618 0.48512820512820515
0.6269052352551359 0.48512820512820515
0.6264900662251656 0.48512820512820515
0.6267372600926538 0.4856410256410256
0.626984126984127 0.48615384615384616
0.6265697290152016 0.48615384615384616
0.6261558784676354 0.48615384615384616
0.6264026402640264 0.4866666666666667
0.6259894459102903 0.4866666666666667
0.6262359920896506 0.48717948717948717
0.6258234519104084 0.48717948717948717
0.6254114549045424 0.48717948717948717
0.625 0.48717948717948717
0.6245890861275477 0.48717948717948717
0.6241787122207622 0.48717948717948717
0.6244254760341431 0.4876923076923077
0.6246719160104987 0.4882051282051282
0.6242622950819672 0.4882051282051282
0.6238532110091743 0.4882051282051282
0.6240995415848068 0.4887179487179487
0.6236910994764397 0.4887179487179487
0.6232831916285154 0.4887179487179487
0.6228758169934641 0.4887179487179487
0.6224689745264533 0.4887179487179487
0.6220626631853786 0.4887179487179487
0.6216568819308546 0.4887179487179487
0.621903520208605 0.48923076923076925
0.6221498371335505 0.4897435897435897
0.6223958333333334 0.49025641025641026
0.6219908913467794 0.49025641025641026
0.6222366710013004 0.4907692307692308
0.622482131254061 0.49128205128205127
0.6220779220779221 0.49128205128205127
0.6216742375081116 0.49128205128205127
0.6212710765239948 0.49128205128205127
0.6208684381075826 0.49128205128205127
0.6204663212435233 0.49128205128205127
0.6207119741100323 0.4917948717948718
0.6203104786545925 0.4917948717948718
0.6199095022624435 0.4917948717948718
0.6195090439276486 0.4917948717948718
0.6191091026468689 0.4917948717948718
0.6193548387096774 0.49230769230769234
0.6189555125725339 0.49230769230769234
0.6185567010309279 0.49230769230769234
0.6188023180940115 0.4928205128205128
0.6184041184041184 0.4928205128205128
0.6180064308681672 0.4928205128205128
0.6176092544987146 0.4928205128205128
0.6172125883108542 0.4928205128205128
0.6174582798459564 0.49333333333333335
0.6170622193713919 0.49333333333333335
0.6166666666666667 0.49333333333333335
0.6169122357463165 0.4938461538461538
0.617157490396927 0.49435897435897436
0.6167626359564939 0.49435897435897436
0.6163682864450127 0.49435897435897436
0.6159744408945687 0.49435897435897436
0.6155810983397191 0.49435897435897436
0.6151882578174857 0.49435897435897436
0.6154336734693877 0.4948717948717949
0.6150414276609305 0.4948717948717949
0.6152866242038216 0.49538461538461537
0.6155315085932527 0.4958974358974359
0.6157760814249363 0.49641025641025643
0.6153846153846154 0.49641025641025643
0.6149936467598475 0.49641025641025643
0.6152380952380953 0.4969230769230769
0.6148477157360406 0.4969230769230769
0.6150919467343057 0.49743589743589745
0.614702154626109 0.49743589743589745
0.6143128562381254 0.49743589743589745
0.6139240506329114 0.49743589743589745
0.6135357368753953 0.49743589743589745
0.6137800252844501 0.4979487179487179
0.6140240050536955 0.49846153846153846
0.6136363636363636 0.49846153846153846
0.6138801261829653 0.498974358974359
0.6134930643127364 0.498974358974359
0.6131064902331443 0.498974358974359
0.6127204030226701 0.498974358974359
0.6123348017621145 0.498974358974359
0.6125786163522012 0.49948717948717947
0.612193588937775 0.49948717948717947
0.6124371859296482 0.5
0.6126804770872567 0.5005128205128205
0.6122961104140527 0.5005128205128205
0.6125391849529781 0.5010256410256411
0.6121553884711779 0.5010256410256411
0.6117720726361928 0.5010256410256411
0.6113892365456821 0.5010256410256411
0.6110068792995622 0.5010256410256411
0.61125 0.5015384615384615
0.6108682073703935 0.5015384615384615
0.6104868913857678 0.5015384615384615
0.6101060511540861 0.5015384615384615
0.6103491271820449 0.502051282051282
0.609968847352025 0.502051282051282
0.6095890410958904 0.502051282051282
0.6092097075295582 0.502051282051282
0.6094527363184079 0.5025641025641026
0.6090739589807334 0.5025641025641026
0.6093167701863355 0.5030769230769231
0.6095592799503414 0.5035897435897436
0.609181141439206 0.5035897435897436
0.6094234345939243 0.5041025641025642
0.6096654275092936 0.5046153846153846
0.6092879256965944 0.5046153846153846
0.6089108910891089 0.5046153846153846
0.608534322820037 0.5046153846153846
0.6087762669962917 0.5051282051282051
0.609017912291538 0.5056410256410256
0.608641975308642 0.5056410256410256
0.6088834053053671 0.5061538461538462
0.6085080147965475 0.5061538461538462
0.6081330868761553 0.5061538461538462
0.6077586206896551 0.5061538461538462
0.608 0.5066666666666667
0.6082410824108241 0.5071794871794871
0.6084818684695759 0.5076923076923077
0.6081081081081081 0.5076923076923077
0.6077348066298343 0.5076923076923077
0.6073619631901841 0.5076923076923077
0.6069895769466584 0.5076923076923077
0.6066176470588235 0.5076923076923077
0.6062461726883037 0.5076923076923077
0.605875152998776 0.5076923076923077
0.6055045871559633 0.5076923076923077
0.6051344743276283 0.5076923076923077
0.6053756872327428 0.5082051282051282
0.605006105006105 0.5082051282051282
0.6046369737644905 0.5082051282051282
0.6042682926829268 0.5082051282051282
0.6039000609384522 0.5082051282051282
0.6035322777101096 0.5082051282051282
0.603164942178941 0.5082051282051282
0.6034063260340633 0.5087179487179487
0.6030395136778115 0.5087179487179487
0.6026731470230863 0.5087179487179487
0.6023072252580449 0.5087179487179487
0.6025485436893204 0.5092307692307693
0.6021831412977562 0.5092307692307693
0.6018181818181818 0.5092307692307693
0.6014536644457904 0.5092307692307693
0.6016949152542372 0.5097435897435898
0.6013309134906231 0.5097435897435898
0.601571946795647 0.5102564102564102
0.6012084592145015 0.5102564102564102
0.6008454106280193 0.5102564102564102
0.6004828002414001 0.5102564102564102
0.6007237635705669 0.5107692307692308
0.6003616636528029 0.5107692307692308
0.6006024096385543 0.5112820512820513
0.6002408187838651 0.5112820512820513
0.5998796630565584 0.5112820512820513
0.5995189416716777 0.5112820512820513
0.5991586538461539 0.5112820512820513
0.5987987987987988 0.5112820512820513
0.5990396158463386 0.5117948717948718
0.5986802639472105 0.5117948717948718
0.5989208633093526 0.5123076923076924
0.5991611743559018 0.5128205128205128
0.5994011976047904 0.5133333333333333
0.599640933572711 0.5138461538461538
0.5992822966507177 0.5138461538461538
0.5995218170950388 0.5143589743589744
0.5991636798088411 0.5143589743589744
0.5988059701492537 0.5143589743589744
0.5984486873508353 0.5143589743589744
0.5980918306499702 0.5143589743589744
0.597735399284863 0.5143589743589744
0.5973793924955331 0.5143589743589744
0.5976190476190476 0.5148717948717949
0.5972635336109459 0.5148717948717949
0.5969084423305588 0.5148717948717949
0.5965537730243613 0.5148717948717949
0.5961995249406176 0.5148717948717949
0.5964391691394659 0.5153846153846153
0.5960854092526691 0.5153846153846153
0.5957320687611144 0.5153846153846153
0.5953791469194313 0.5153846153846153
0.5956187092954411 0.5158974358974359
0.5958579881656805 0.5164102564102564
0.5960969840331165 0.5169230769230769
0.5957446808510638 0.5169230769230769
0.5953927938570585 0.5169230769230769
0.5950413223140496 0.5169230769230769
0.5946902654867257 0.5169230769230769
0.5943396226415094 0.5169230769230769
0.5939893930465527 0.5169230769230769
0.5942285041224971 0.5174358974358975
0.5938787522071807 0.5174358974358975
0.5935294117647059 0.5174358974358975
0.5931804820693709 0.5174358974358975
0.5928319623971798 0.5174358974358975
0.5924838520258368 0.5174358974358975
0.5921361502347418 0.5174358974358975
0.592375366568915 0.517948717948718
0.5920281359906213 0.517948717948718
0.5922671353251318 0.5184615384615384
0.59192037470726 0.5184615384615384
0.5915740198946753 0.5184615384615384
0.5912280701754385 0.5184615384615384
0.5908825248392753 0.5184615384615384
0.5905373831775701 0.5184615384615384
0.5901926444833625 0.5184615384615384
0.5898483080513419 0.5184615384615384
0.5895043731778425 0.5184615384615384
0.5891608391608392 0.5184615384615384
0.5888177052999417 0.5184615384615384
0.5890570430733411 0.518974358974359
0.5892961023851077 0.5194871794871795
0.588953488372093 0.5194871794871795
0.5886112725159791 0.5194871794871795
0.5888501742160279 0.52
0.5885084155542658 0.52
0.5881670533642691 0.52
0.5884057971014492 0.5205128205128206
0.5880648899188876 0.5205128205128206
0.588303416328894 0.521025641025641
0.5879629629629629 0.521025641025641
0.5882012724117988 0.5215384615384615
0.5884393063583815 0.522051282051282
0.5880993645291739 0.522051282051282
0.5877598152424942 0.522051282051282
0.5874206578188114 0.522051282051282
0.5870818915801614 0.522051282051282
0.5867435158501441 0.522051282051282
0.586405529953917 0.522051282051282
0.58664363845711 0.5225641025641026
0.5863060989643268 0.5225641025641026
0.5859689476710753 0.5225641025641026
0.585632183908046 0.5225641025641026
0.585295807007467 0.5225641025641026
0.5849598163030999 0.5225641025641026
0.5846242111302352 0.5225641025641026
0.5842889908256881 0.5225641025641026
0.5845272206303725 0.5230769230769231
0.584192439862543 0.5230769230769231
0.5844304522037779 0.5235897435897436
0.584096109839817 0.5235897435897436
0.5837621497998856 0.5235897435897436
0.5834285714285714 0.5235897435897436
0.5830953740719589 0.5235897435897436
0.5827625570776256 0.5235897435897436
0.5824301197946378 0.5235897435897436
0.5820980615735462 0.5235897435897436
0.5817663817663817 0.5235897435897436
0.5814350797266514 0.5235897435897436
0.5811041548093341 0.5235897435897436
0.580773606370876 0.5235897435897436
0.5810119386014782 0.5241025641025641
0.58125 0.5246153846153846
0.5809199318568995 0.5246153846153846
0.5805902383654937 0.5246153846153846
0.580828133862734 0.5251282051282051
0.5810657596371882 0.5256410256410257
0.5813031161473088 0.5261538461538462
0.5815402038505096 0.5266666666666666
0.5812110922467459 0.5266666666666666
0.5808823529411765 0.5266666666666666
0.5805539853024307 0.5266666666666666
0.5807909604519774 0.5271794871794871
0.5804630152456239 0.5271794871794871
0.5801354401805869 0.5271794871794871
0.5798082346305696 0.5271794871794871
0.5800450958286358 0.5276923076923077
0.579718309859155 0.5276923076923077
0.5793918918918919 0.5276923076923077
0.5790658413055711 0.5276923076923077
0.5787401574803149 0.5276923076923077
0.5789769533445756 0.5282051282051282
0.5792134831460675 0.5287179487179487
0.5788882650196518 0.5287179487179487
0.5785634118967452 0.5287179487179487
0.5787997756590016 0.5292307692307693
0.57847533632287 0.5292307692307693
0.5787114845938376 0.5297435897435897
0.578387458006719 0.5297435897435897
0.5780637940682708 0.5297435897435897
0.5782997762863534 0.5302564102564102
0.5785354946897708 0.5307692307692308
0.5782122905027933 0.5307692307692308
0.5778894472361809 0.5307692307692308
0.5775669642857143 0.5307692307692308
0.5778025655326269 0.5312820512820513
0.5774804905239688 0.5312820512820513
0.577158774373259 0.5312820512820513
0.576837416481069 0.5312820512820513
0.5765164162493044 0.5312820512820513
0.5761957730812013 0.5312820512820513
0.5764313507504168 0.5317948717948718
0.5761111111111111 0.5317948717948718
0.5763464741810106 0.5323076923076923
0.5760266370699223 0.5323076923076923
0.5762617859123683 0.5328205128205128
0.5759423503325942 0.5328205128205128
0.5756232686980609 0.5328205128205128
0.5758582502768549 0.5333333333333333
0.5755395683453237 0.5333333333333333
0.5752212389380531 0.5333333333333333
0.5749032614704257 0.5333333333333333
0.5751381215469613 0.5338461538461539
0.5748205411374931 0.5338461538461539
0.5750551876379691 0.5343589743589744
0.5747380033094319 0.5343589743589744
0.5744211686879823 0.5343589743589744
0.5741046831955923 0.5343589743589744
0.5737885462555066 0.5343589743589744
0.5740231150247661 0.5348717948717949
0.5742574257425742 0.5353846153846153
0.5739417262231996 0.5353846153846153
0.5736263736263736 0.5353846153846153
0.5733113673805601 0.5353846153846153
0.5729967069154775 0.5353846153846153
0.5726823916620954 0.5353846153846153
0.5729166666666666 0.5358974358974359
0.5726027397260274 0.5358974358974359
0.572289156626506 0.5358974358974359
0.571975916803503 0.5358974358974359
0.5716630196936543 0.5358974358974359
0.5713504647348278 0.5358974358974359
0.5710382513661202 0.5358974358974359
0.5707263790278536 0.5358974358974359
0.5704148471615721 0.5358974358974359
0.5706492089470813 0.5364102564102564
0.5703380588876772 0.5364102564102564
0.5700272479564032 0.5364102564102564
0.5697167755991286 0.5364102564102564
0.5699510070767556 0.536923076923077
0.5696409140369967 0.536923076923077
0.5698749320282762 0.5374358974358975
0.5695652173913044 0.5374358974358975
0.5692558392178164 0.5374358974358975
0.5694896851248643 0.5379487179487179
0.5691806836679327 0.5379487179487179
0.5688720173535792 0.5379487179487179
0.5685636856368563 0.5379487179487179
0.5687973997833152 0.5384615384615384
0.5690308608554413 0.538974358974359
0.5687229437229437 0.538974358974359
0.5689561925365062 0.5394871794871795
0.5686486486486486 0.5394871794871795
0.5683414370610481 0.5394871794871795
0.5685745140388769 0.54
0.5682676740420939 0.54
0.5679611650485437 0.54
0.567654986522911 0.54
0.5673491379310345 0.54
0.567043618739903 0.54
0.5672766415500539 0.5405128205128205
0.5675094136632598 0.541025641025641
0.5672043010752689 0.541025641025641
0.5668995163890381 0.541025641025641
0.5665950590762621 0.541025641025641
0.5662909286097692 0.541025641025641
0.5659871244635193 0.541025641025641
0.5656836461126006 0.541025641025641
0.5653804930332261 0.541025641025641
0.5650776647027317 0.541025641025641
0.5647751605995718 0.541025641025641
0.5644729802033173 0.541025641025641
0.5647058823529412 0.5415384615384615
0.564404061998931 0.5415384615384615
0.5641025641025641 0.5415384615384615
0.5638013881473571 0.5415384615384615
0.5635005336179295 0.5415384615384615
0.5632 0.5415384615384615
0.5628997867803838 0.5415384615384615
0.5625998934469899 0.5415384615384615
0.5628328008519702 0.5420512820512821
0.562533262373603 0.5420512820512821
0.5627659574468085 0.5425641025641026
0.5624667729930888 0.5425641025641026
0.5621679064824655 0.5425641025641026
0.5618693574083908 0.5425641025641026
0.5615711252653928 0.5425641025641026
0.5618037135278514 0.5430769230769231
0.5615058324496288 0.5430769230769231
0.56120826709062 0.5430769230769231
0.5609110169491526 0.5430769230769231
0.5606140815246162 0.5430769230769231
0.5603174603174603 0.5430769230769231
0.5600211528291908 0.5430769230769231
0.5597251585623678 0.5430769230769231
0.5599577390385632 0.5435897435897435
0.5596620908130939 0.5435897435897435
0.5598944591029024 0.5441025641025641
0.5595991561181435 0.5441025641025641
0.5593041644702161 0.5441025641025641
0.559536354056902 0.5446153846153846
0.559768299104792 0.5451282051282051
0.5594736842105263 0.5451282051282051
0.5591793792740662 0.5451282051282051
0.5588853838065194 0.5451282051282051
0.55911718339464 0.5456410256410257
0.5593487394957983 0.5461538461538461
0.5590551181102362 0.5461538461538461
0.5587618048268626 0.5461538461538461
0.5584687991609858 0.5461538461538461
0.5581761006289309 0.5461538461538461
0.5584075432163437 0.5466666666666666
0.5581151832460733 0.5466666666666666
0.5578231292517006 0.5466666666666666
0.5575313807531381 0.5466666666666666
0.5572399372713016 0.5466666666666666
0.5569487983281086 0.5466666666666666
0.5566579634464752 0.5466666666666666
0.5568893528183716 0.5471794871794872
0.5565988523735003 0.5471794871794872
0.5563086548488009 0.5471794871794872
0.5560187597707139 0.5471794871794872
0.55625 0.5476923076923077
0.5559604372722541 0.5476923076923077
0.5556711758584808 0.5476923076923077
0.5553822152886115 0.5476923076923077
0.5556133056133056 0.5482051282051282
0.5553246753246753 0.5482051282051282
0.555036344755971 0.5482051282051282
0.5547483134405812 0.5482051282051282
0.5544605809128631 0.5482051282051282
0.5541731467081389 0.5482051282051282
0.5538860103626942 0.5482051282051282
0.5535991714137752 0.5482051282051282
0.5533126293995859 0.5482051282051282
0.553543714433523 0.5487179487179488
0.5532574974146846 0.5487179487179488
0.5534883720930233 0.5492307692307692
0.5537190082644629 0.5497435897435897
0.5534331440371709 0.5497435897435897
0.5536635706914345 0.5502564102564103
0.553378029912326 0.5502564102564103
0.5530927835051547 0.5502564102564103
0.5528078310149408 0.5502564102564103
0.553038105046344 0.5507692307692308
0.552753474009264 0.5507692307692308
0.5529835390946503 0.5512820512820513
0.5526992287917738 0.5512820512820513
0.552415210688592 0.5512820512820513
0.5521314843348741 0.5512820512820513
0.5518480492813141 0.5512820512820513
0.5520779887121601 0.5517948717948717
0.5523076923076923 0.5523076923076923
0.5520246027678114 0.5523076923076923
0.5517418032786885 0.5523076923076923
0.5514592933947773 0.5523076923076923
0.5511770726714432 0.5523076923076923
0.5508951406649616 0.5523076923076923
0.5506134969325154 0.5523076923076923
0.5503321410321921 0.5523076923076923
0.550561797752809 0.5528205128205128
0.5502807554874937 0.5528205128205128
0.55 0.5528205128205128
0.5502294747577766 0.5533333333333333
0.5499490316004078 0.5533333333333333
0.5496688741721855 0.5533333333333333
0.5493890020366599 0.5533333333333333
0.5491094147582697 0.5533333333333333
0.5488301119023398 0.5533333333333333
0.5485510930350788 0.5533333333333333
0.5482723577235772 0.5533333333333333
0.547993905535805 0.5533333333333333
0.5477157360406092 0.5533333333333333
0.5474378488077118 0.5533333333333333
0.5471602434077079 0.5533333333333333
0.5473897617840852 0.5538461538461539
0.5476190476190477 0.5543589743589744
0.5473417721518987 0.5543589743589744
0.5470647773279352 0.5543589743589744
0.5467880627212949 0.5543589743589744
0.5465116279069767 0.5543589743589744
0.5462354724608388 0.5543589743589744
0.545959595959596 0.5543589743589744
0.5461887935386168 0.5548717948717948
0.5459132189707366 0.5548717948717948
0.5456379223398891 0.5548717948717948
0.5453629032258065 0.5548717948717948
0.545088161209068 0.5548717948717948
0.5448136958710977 0.5548717948717948
0.5445395067941621 0.5548717948717948
0.5447686116700201 0.5553846153846154
0.5449974861739567 0.5558974358974359
0.5447236180904522 0.5558974358974359
0.544952285283777 0.5564102564102564
0.5451807228915663 0.556923076923077
0.5449071751128951 0.556923076923077
0.545135406218656 0.5574358974358974
0.5453634085213033 0.5579487179487179
0.5450901803607214 0.5579487179487179
0.5448172258387581 0.5579487179487179
0.5445445445445446 0.5579487179487179
0.5447723861930965 0.5584615384615385
0.545 0.558974358974359
