1.0 0.0005128205128205128
1.0 0.0010256410256410256
1.0 0.0015384615384615385
0.75 0.0015384615384615385
0.8 0.0020512820512820513
0.8333333333333334 0.002564102564102564
0.8571428571428571 0.003076923076923077
0.875 0.0035897435897435897
0.8888888888888888 0.0041025641025641026
0.9 0.004615384615384616
0.9090909090909091 0.005128205128205128
0.9166666666666666 0.0056410256410256415
0.8461538461538461 0.0056410256410256415
0.8571428571428571 0.006153846153846154
0.8666666666666667 0.006666666666666667
0.875 0.0071794871794871795
0.8823529411764706 0.007692307692307693
0.8888888888888888 0.008205128205128205
0.8947368421052632 0.008717948717948718
0.9 0.009230769230769232
0.9047619047619048 0.009743589743589744
0.9090909090909091 0.010256410256410256
0.9130434782608695 0.010769230769230769
0.9166666666666666 0.011282051282051283
0.92 0.011794871794871795
0.8846153846153846 0.011794871794871795
0.8888888888888888 0.012307692307692308
0.8928571428571429 0.01282051282051282
0.8620689655172413 0.01282051282051282
0.8666666666666667 0.013333333333333334
0.8709677419354839 0.013846153846153847
0.875 0.014358974358974359
0.8787878787878788 0.014871794871794871
0.8529411764705882 0.014871794871794871
0.8571428571428571 0.015384615384615385
0.8611111111111112 0.015897435897435898
0.8648648648648649 0.01641025641025641
0.868421052631579 0.016923076923076923
0.8717948717948718 0.017435897435897435
0.875 0.017948717948717947
0.8780487804878049 0.018461538461538463
0.8809523809523809 0.018974358974358976
0.8604651162790697 0.018974358974358976
0.8636363636363636 0.019487179487179488
0.8666666666666667 0.02
0.8695652173913043 0.020512820512820513
0.8723404255319149 0.021025641025641025
0.875 0.021538461538461538
0.8571428571428571 0.021538461538461538
0.86 0.02205128205128205
0.8627450980392157 0.022564102564102566
0.8461538461538461 0.022564102564102566
0.8490566037735849 0.023076923076923078
0.8333333333333334 0.023076923076923078
0.8363636363636363 0.02358974358974359
0.8392857142857143 0.024102564102564103
0.8421052631578947 0.024615384615384615
0.8448275862068966 0.025128205128205128
0.847457627118644 0.02564102564102564
0.85 0.026153846153846153
0.8524590163934426 0.02666666666666667
0.8548387096774194 0.02717948717948718
0.8571428571428571 0.027692307692307693
0.859375 0.028205128205128206
0.8615384615384616 0.028717948717948718
0.8484848484848485 0.028717948717948718
0.835820895522388 0.028717948717948718
0.8382352941176471 0.02923076923076923
0.8405797101449275 0.029743589743589743
0.8428571428571429 0.030256410256410255
0.8450704225352113 0.03076923076923077
0.8472222222222222 0.03128205128205128
0.8493150684931506 0.031794871794871796
0.8513513513513513 0.03230769230769231
0.84 0.03230769230769231
0.8421052631578947 0.03282051282051282
0.8441558441558441 0.03333333333333333
0.8461538461538461 0.033846153846153845
0.8481012658227848 0.03435897435897436
0.85 0.03487179487179487
0.8395061728395061 0.03487179487179487
0.8414634146341463 0.03538461538461538
0.8433734939759037 0.035897435897435895
0.8452380952380952 0.03641025641025641
0.8470588235294118 0.036923076923076927
0.8488372093023255 0.03743589743589744
0.8505747126436781 0.03794871794871795
0.8522727272727273 0.038461538461538464
0.8539325842696629 0.038974358974358976
0.8555555555555555 0.03948717948717949
0.8571428571428571 0.04
0.8586956521739131 0.04051282051282051
0.8602150537634409 0.041025641025641026
0.8617021276595744 0.04153846153846154
0.8631578947368421 0.04205128205128205
0.8541666666666666 0.04205128205128205
0.8556701030927835 0.04256410256410256
0.8469387755102041 0.04256410256410256
0.8484848484848485 0.043076923076923075
0.85 0.04358974358974359
0.8514851485148515 0.0441025641025641
0.8529411764705882 0.04461538461538461
0.8543689320388349 0.04512820512820513
0.8557692307692307 0.045641025641025644
0.8571428571428571 0.046153846153846156
0.8584905660377359 0.04666666666666667
0.8598130841121495 0.04717948717948718
0.8518518518518519 0.04717948717948718
0.8532110091743119 0.047692307692307694
0.8545454545454545 0.048205128205128206
0.8558558558558559 0.04871794871794872
0.8571428571428571 0.04923076923076923
0.8495575221238938 0.04923076923076923
0.8508771929824561 0.04974358974358974
0.8521739130434782 0.050256410256410255
0.853448275862069 0.05076923076923077
0.8547008547008547 0.05128205128205128
0.8559322033898306 0.05179487179487179
0.8571428571428571 0.052307692307692305
0.85 0.052307692307692305
0.8512396694214877 0.05282051282051282
0.8524590163934426 0.05333333333333334
0.8455284552845529 0.05333333333333334
0.8467741935483871 0.05384615384615385
0.848 0.05435897435897436
0.8492063492063492 0.054871794871794874
0.8503937007874016 0.055384615384615386
0.8515625 0.0558974358974359
0.8527131782945736 0.05641025641025641
0.8538461538461538 0.05692307692307692
0.8549618320610687 0.057435897435897436
0.8484848484848485 0.057435897435897436
0.849624060150376 0.05794871794871795
0.8432835820895522 0.05794871794871795
0.8444444444444444 0.05846153846153846
0.8455882352941176 0.05897435897435897
0.8467153284671532 0.059487179487179485
0.8478260869565217 0.06
0.8489208633093526 0.06051282051282051
0.85 0.06102564102564102
0.8439716312056738 0.06102564102564102
0.8450704225352113 0.06153846153846154
0.8391608391608392 0.06153846153846154
0.8402777777777778 0.062051282051282054
0.8413793103448276 0.06256410256410257
0.8356164383561644 0.06256410256410257
0.8367346938775511 0.06307692307692307
0.8378378378378378 0.06358974358974359
0.8389261744966443 0.0641025641025641
0.84 0.06461538461538462
0.8410596026490066 0.06512820512820512
0.8421052631578947 0.06564102564102564
0.8366013071895425 0.06564102564102564
0.8376623376623377 0.06615384615384616
0.8387096774193549 0.06666666666666667
0.8397435897435898 0.06717948717948719
0.8343949044585988 0.06717948717948719
0.8354430379746836 0.06769230769230769
0.8364779874213837 0.06820512820512821
0.8375 0.06871794871794872
0.8322981366459627 0.06871794871794872
0.8333333333333334 0.06923076923076923
0.8343558282208589 0.06974358974358974
0.8353658536585366 0.07025641025641026
0.8363636363636363 0.07076923076923076
0.8373493975903614 0.07128205128205128
0.8383233532934131 0.07179487179487179
0.8392857142857143 0.07230769230769231
0.8402366863905325 0.07282051282051281
0.8411764705882353 0.07333333333333333
0.8362573099415205 0.07333333333333333
0.8372093023255814 0.07384615384615385
0.8323699421965318 0.07384615384615385
0.8275862068965517 0.07384615384615385
0.8285714285714286 0.07435897435897436
0.8295454545454546 0.07487179487179488
0.8305084745762712 0.07538461538461538
0.8258426966292135 0.07538461538461538
0.8268156424581006 0.0758974358974359
0.8277777777777777 0.07641025641025641
0.8287292817679558 0.07692307692307693
0.8241758241758241 0.07692307692307693
0.825136612021858 0.07743589743589743
0.8260869565217391 0.07794871794871795
0.827027027027027 0.07846153846153846
0.8225806451612904 0.07846153846153846
0.8235294117647058 0.07897435897435898
0.824468085106383 0.07948717948717948
0.8253968253968254 0.08
0.8263157894736842 0.08051282051282051
0.8272251308900523 0.08102564102564103
0.828125 0.08153846153846153
0.8290155440414507 0.08205128205128205
0.8298969072164949 0.08256410256410257
0.8307692307692308 0.08307692307692308
0.8316326530612245 0.0835897435897436
0.8324873096446701 0.0841025641025641
0.8333333333333334 0.08461538461538462
0.8341708542713567 0.08512820512820513
0.83 0.08512820512820513
0.8308457711442786 0.08564102564102564
0.8267326732673267 0.08564102564102564
0.8275862068965517 0.08615384615384615
0.8284313725490197 0.08666666666666667
0.8292682926829268 0.08717948717948718
0.8300970873786407 0.0876923076923077
0.8309178743961353 0.0882051282051282
0.8317307692307693 0.08871794871794872
0.8277511961722488 0.08871794871794872
0.8285714285714286 0.08923076923076922
0.8293838862559242 0.08974358974358974
0.8301886792452831 0.09025641025641026
0.8309859154929577 0.09076923076923077
0.8317757009345794 0.09128205128205129
0.8325581395348837 0.0917948717948718
0.8333333333333334 0.09230769230769231
0.8294930875576036 0.09230769230769231
0.8302752293577982 0.09282051282051282
0.8310502283105022 0.09333333333333334
0.8318181818181818 0.09384615384615384
0.832579185520362 0.09435897435897436
0.8333333333333334 0.09487179487179487
0.8340807174887892 0.09538461538461539
0.8303571428571429 0.09538461538461539
0.8311111111111111 0.09589743589743589
0.827433628318584 0.09589743589743589
0.8281938325991189 0.09641025641025641
0.8245614035087719 0.09641025641025641
0.8209606986899564 0.09641025641025641
0.8217391304347826 0.09692307692307692
0.8225108225108225 0.09743589743589744
0.8232758620689655 0.09794871794871794
0.8197424892703863 0.09794871794871794
0.8205128205128205 0.09846153846153846
0.8212765957446808 0.09897435897435898
0.8220338983050848 0.09948717948717949
0.8185654008438819 0.09948717948717949
0.819327731092437 0.1
0.8200836820083682 0.10051282051282051
0.8208333333333333 0.10102564102564103
0.8215767634854771 0.10153846153846154
0.8223140495867769 0.10205128205128206
0.823045267489712 0.10256410256410256
0.819672131147541 0.10256410256410256
0.8163265306122449 0.10256410256410256
0.8170731707317073 0.10307692307692308
0.8178137651821862 0.10358974358974359
0.8185483870967742 0.1041025641025641
0.8152610441767069 0.1041025641025641
0.816 0.10461538461538461
0.8127490039840638 0.10461538461538461
0.8134920634920635 0.10512820512820513
0.8142292490118577 0.10564102564102563
0.8110236220472441 0.10564102564102563
0.8117647058823529 0.10615384615384615
0.8125 0.10666666666666667
0.8132295719844358 0.10717948717948718
0.813953488372093 0.1076923076923077
0.8108108108108109 0.1076923076923077
0.8115384615384615 0.1082051282051282
0.8122605363984674 0.10871794871794872
0.8129770992366412 0.10923076923076923
0.8098859315589354 0.10923076923076923
0.8106060606060606 0.10974358974358975
0.8113207547169812 0.11025641025641025
0.8120300751879699 0.11076923076923077
0.8127340823970037 0.11128205128205128
0.8134328358208955 0.1117948717948718
0.8141263940520446 0.1123076923076923
0.8148148148148148 0.11282051282051282
0.8154981549815498 0.11333333333333333
0.8125 0.11333333333333333
0.8131868131868132 0.11384615384615385
0.8138686131386861 0.11435897435897435
0.8145454545454546 0.11487179487179487
0.8152173913043478 0.11538461538461539
0.8158844765342961 0.1158974358974359
0.8165467625899281 0.11641025641025642
0.8172043010752689 0.11692307692307692
0.8178571428571428 0.11743589743589744
0.8185053380782918 0.11794871794871795
0.8191489361702128 0.11846153846153847
0.8197879858657244 0.11897435897435897
0.8204225352112676 0.11948717948717949
0.8210526315789474 0.12
0.8216783216783217 0.12051282051282051
0.8222996515679443 0.12102564102564102
0.8229166666666666 0.12153846153846154
0.8235294117647058 0.12205128205128205
0.8206896551724138 0.12205128205128205
0.8213058419243986 0.12256410256410256
0.821917808219178 0.12307692307692308
0.8225255972696246 0.12358974358974359
0.8231292517006803 0.12410256410256411
0.823728813559322 0.12461538461538461
0.8243243243243243 0.12512820512820513
0.8249158249158249 0.12564102564102564
0.825503355704698 0.12615384615384614
0.8260869565217391 0.12666666666666668
0.8266666666666667 0.12717948717948718
0.8272425249169435 0.1276923076923077
0.8245033112582781 0.1276923076923077
0.8250825082508251 0.1282051282051282
0.8256578947368421 0.12871794871794873
0.8262295081967214 0.12923076923076923
0.826797385620915 0.12974358974358974
0.8273615635179153 0.13025641025641024
0.827922077922078 0.13076923076923078
0.8284789644012945 0.13128205128205128
0.8290322580645161 0.1317948717948718
0.8295819935691319 0.13230769230769232
0.8301282051282052 0.13282051282051283
0.8306709265175719 0.13333333333333333
0.8312101910828026 0.13384615384615384
0.8317460317460318 0.13435897435897437
0.8291139240506329 0.13435897435897437
0.8296529968454258 0.13487179487179488
0.8301886792452831 0.13538461538461538
0.8275862068965517 0.13538461538461538
0.825 0.13538461538461538
0.8255451713395638 0.1358974358974359
0.8260869565217391 0.13641025641025642
0.826625386996904 0.13692307692307693
0.8271604938271605 0.13743589743589743
0.8276923076923077 0.13794871794871794
0.8282208588957055 0.13846153846153847
0.8287461773700305 0.13897435897435897
0.8292682926829268 0.13948717948717948
0.8297872340425532 0.14
0.8303030303030303 0.14051282051282052
0.8308157099697885 0.14102564102564102
0.8313253012048193 0.14153846153846153
0.8318318318318318 0.14205128205128206
0.8323353293413174 0.14256410256410257
0.8298507462686567 0.14256410256410257
0.8303571428571429 0.14307692307692307
0.827893175074184 0.14307692307692307
0.8284023668639053 0.14358974358974358
0.8289085545722714 0.1441025641025641
0.8264705882352941 0.1441025641025641
0.8240469208211144 0.1441025641025641
0.8245614035087719 0.14461538461538462
0.8250728862973761 0.14512820512820512
0.8226744186046512 0.14512820512820512
0.8231884057971014 0.14564102564102563
0.8208092485549133 0.14564102564102563
0.8213256484149856 0.14615384615384616
0.8189655172413793 0.14615384615384616
0.8194842406876791 0.14666666666666667
0.82 0.14717948717948717
0.8205128205128205 0.1476923076923077
0.8181818181818182 0.1476923076923077
0.8186968838526912 0.1482051282051282
0.8192090395480226 0.14871794871794872
0.819718309859155 0.14923076923076922
0.8202247191011236 0.14974358974358976
0.8207282913165266 0.15025641025641026
0.8212290502793296 0.15076923076923077
0.8217270194986073 0.15128205128205127
0.8222222222222222 0.1517948717948718
0.8199445983379502 0.1517948717948718
0.8204419889502762 0.1523076923076923
0.8209366391184573 0.15282051282051282
0.8214285714285714 0.15333333333333332
0.821917808219178 0.15384615384615385
0.8224043715846995 0.15435897435897436
0.8228882833787466 0.15487179487179487
0.8233695652173914 0.15538461538461537
0.8238482384823849 0.1558974358974359
0.8243243243243243 0.1564102564102564
0.8247978436657682 0.15692307692307692
0.8252688172043011 0.15743589743589745
0.8257372654155496 0.15794871794871795
0.8262032085561497 0.15846153846153846
0.8266666666666667 0.15897435897435896
0.8271276595744681 0.1594871794871795
0.8275862068965517 0.16
0.8253968253968254 0.16
0.8232189973614775 0.16
0.8236842105263158 0.1605128205128205
0.8241469816272966 0.16102564102564101
0.8219895287958116 0.16102564102564101
0.8224543080939948 0.16153846153846155
0.8203125 0.16153846153846155
0.8207792207792208 0.16205128205128205
0.8212435233160622 0.16256410256410256
0.8217054263565892 0.16307692307692306
0.8195876288659794 0.16307692307692306
0.8200514138817481 0.1635897435897436
0.8179487179487179 0.1635897435897436
0.8184143222506394 0.1641025641025641
0.8163265306122449 0.1641025641025641
0.816793893129771 0.1646153846153846
0.817258883248731 0.16512820512820514
0.8177215189873418 0.16564102564102565
0.8181818181818182 0.16615384615384615
0.818639798488665 0.16666666666666666
0.8165829145728644 0.16666666666666666
0.8170426065162907 0.1671794871794872
0.8175 0.1676923076923077
0.8154613466334164 0.1676923076923077
0.8159203980099502 0.1682051282051282
0.8138957816377171 0.1682051282051282
0.8118811881188119 0.1682051282051282
0.8123456790123457 0.1687179487179487
0.8103448275862069 0.1687179487179487
0.8108108108108109 0.16923076923076924
0.8112745098039216 0.16974358974358975
0.8092909535452323 0.16974358974358975
0.8073170731707318 0.16974358974358975
0.8077858880778589 0.17025641025641025
0.808252427184466 0.17076923076923076
0.8062953995157385 0.17076923076923076
0.8067632850241546 0.1712820512820513
0.8048192771084337 0.1712820512820513
0.8028846153846154 0.1712820512820513
0.8033573141486811 0.1717948717948718
0.8014354066985646 0.1717948717948718
0.801909307875895 0.1723076923076923
0.8023809523809524 0.17282051282051283
0.8028503562945368 0.17333333333333334
0.8033175355450237 0.17384615384615384
0.8037825059101655 0.17435897435897435
0.8042452830188679 0.17487179487179488
0.8047058823529412 0.1753846153846154
0.8028169014084507 0.1753846153846154
0.8032786885245902 0.1758974358974359
0.8037383177570093 0.1764102564102564
0.8018648018648019 0.1764102564102564
0.8023255813953488 0.17692307692307693
0.802784222737819 0.17743589743589744
0.8009259259259259 0.17743589743589744
0.8013856812933026 0.17794871794871794
0.8018433179723502 0.17846153846153845
0.8 0.17846153846153845
0.8004587155963303 0.17897435897435898
0.8009153318077803 0.1794871794871795
0.8013698630136986 0.18
0.8018223234624146 0.18051282051282053
0.8 0.18051282051282053
0.800453514739229 0.18102564102564103
0.8009049773755657 0.18153846153846154
0.7990970654627539 0.18153846153846154
0.7995495495495496 0.18205128205128204
0.8 0.18256410256410258
0.7982062780269058 0.18256410256410258
0.7986577181208053 0.18307692307692308
0.7991071428571429 0.1835897435897436
0.7973273942093542 0.1835897435897436
0.7955555555555556 0.1835897435897436
0.7960088691796009 0.1841025641025641
0.7964601769911505 0.18461538461538463
0.7969094922737306 0.18512820512820513
0.7951541850220264 0.18512820512820513
0.7956043956043956 0.18564102564102564
0.793859649122807 0.18564102564102564
0.7921225382932167 0.18564102564102564
0.7903930131004366 0.18564102564102564
0.7908496732026143 0.18615384615384614
0.7913043478260869 0.18666666666666668
0.7917570498915402 0.18717948717948718
0.7922077922077922 0.18769230769230769
0.7926565874730022 0.1882051282051282
0.7931034482758621 0.18871794871794872
0.7913978494623656 0.18871794871794872
0.7918454935622318 0.18923076923076923
0.7922912205567452 0.18974358974358974
0.7905982905982906 0.18974358974358974
0.7910447761194029 0.19025641025641027
0.7914893617021277 0.19076923076923077
0.7919320594479831 0.19128205128205128
0.7902542372881356 0.19128205128205128
0.7906976744186046 0.19179487179487179
0.7911392405063291 0.19230769230769232
0.791578947368421 0.19282051282051282
0.792016806722689 0.19333333333333333
0.7924528301886793 0.19384615384615383
0.7907949790794979 0.19384615384615383
0.7891440501043842 0.19384615384615383
0.7895833333333333 0.19435897435897437
0.7900207900207901 0.19487179487179487
0.7904564315352697 0.19538461538461538
0.7908902691511387 0.19589743589743588
0.7892561983471075 0.19589743589743588
0.7896907216494845 0.19641025641025642
0.7901234567901234 0.19692307692307692
0.7905544147843943 0.19743589743589743
0.7889344262295082 0.19743589743589743
0.787321063394683 0.19743589743589743
0.7877551020408163 0.19794871794871796
0.7881873727087576 0.19846153846153847
0.7886178861788617 0.19897435897435897
0.7890466531440162 0.19948717948717948
0.7894736842105263 0.2
0.7898989898989899 0.20051282051282052
0.7903225806451613 0.20102564102564102
0.7887323943661971 0.20102564102564102
0.7871485943775101 0.20102564102564102
0.7875751503006012 0.20153846153846153
0.788 0.20205128205128206
0.7864271457085829 0.20205128205128206
0.7868525896414342 0.20256410256410257
0.7872763419483101 0.20307692307692307
0.7857142857142857 0.20307692307692307
0.7861386138613862 0.20358974358974358
0.7845849802371542 0.20358974358974358
0.7850098619329389 0.2041025641025641
0.7854330708661418 0.20461538461538462
0.7838899803536346 0.20461538461538462
0.7843137254901961 0.20512820512820512
0.7827788649706457 0.20512820512820512
0.783203125 0.20564102564102565
0.783625730994152 0.20615384615384616
0.7840466926070039 0.20666666666666667
0.7825242718446602 0.20666666666666667
0.7829457364341085 0.20717948717948717
0.781431334622824 0.20717948717948717
0.7799227799227799 0.20717948717948717
0.7803468208092486 0.2076923076923077
0.7807692307692308 0.2082051282051282
0.781190019193858 0.20871794871794871
0.7816091954022989 0.20923076923076922
0.780114722753346 0.20923076923076922
0.7786259541984732 0.20923076923076922
0.7790476190476191 0.20974358974358975
0.779467680608365 0.21025641025641026
0.777988614800759 0.21025641025641026
0.7765151515151515 0.21025641025641026
0.776937618147448 0.21076923076923076
0.7773584905660378 0.21128205128205127
0.7777777777777778 0.2117948717948718
0.7781954887218046 0.2123076923076923
0.7786116322701688 0.2128205128205128
0.7771535580524345 0.2128205128205128
0.7757009345794392 0.2128205128205128
0.7761194029850746 0.21333333333333335
0.776536312849162 0.21384615384615385
0.775092936802974 0.21384615384615385
0.7755102040816326 0.21435897435897436
0.7759259259259259 0.21487179487179486
0.7744916820702403 0.21487179487179486
0.7730627306273062 0.21487179487179486
0.7716390423572744 0.21487179487179486
0.7702205882352942 0.21487179487179486
0.7706422018348624 0.2153846153846154
0.7710622710622711 0.2158974358974359
0.7714808043875686 0.2164102564102564
0.7718978102189781 0.2169230769230769
0.7704918032786885 0.2169230769230769
0.7709090909090909 0.21743589743589745
0.7713248638838476 0.21794871794871795
0.7717391304347826 0.21846153846153846
0.7721518987341772 0.21897435897435896
0.7725631768953068 0.2194871794871795
0.772972972972973 0.22
0.7733812949640287 0.2205128205128205
0.7737881508078994 0.221025641025641
0.7741935483870968 0.22153846153846155
0.7728085867620751 0.22153846153846155
0.7732142857142857 0.22205128205128205
0.7736185383244206 0.22256410256410256
0.7722419928825622 0.22256410256410256
0.7726465364120781 0.2230769230769231
0.7730496453900709 0.2235897435897436
0.7734513274336283 0.2241025641025641
0.7720848056537103 0.2241025641025641
0.7707231040564374 0.2241025641025641
0.7693661971830986 0.2241025641025641
0.7680140597539543 0.2241025641025641
0.7684210526315789 0.2246153846153846
0.7688266199649737 0.22512820512820514
0.7674825174825175 0.22512820512820514
0.7661431064572426 0.22512820512820514
0.764808362369338 0.22512820512820514
0.7652173913043478 0.22564102564102564
0.765625 0.22615384615384615
0.7642980935875217 0.22615384615384615
0.7647058823529411 0.22666666666666666
0.7651122625215889 0.2271794871794872
0.7637931034482759 0.2271794871794872
0.7624784853700516 0.2271794871794872
0.761168384879725 0.2271794871794872
0.7615780445969125 0.2276923076923077
0.7602739726027398 0.2276923076923077
0.7589743589743589 0.2276923076923077
0.7593856655290102 0.2282051282051282
0.7597955706984668 0.2287179487179487
0.7585034013605442 0.2287179487179487
0.7572156196943973 0.2287179487179487
0.7576271186440678 0.22923076923076924
0.7580372250423012 0.22974358974358974
0.7567567567567568 0.22974358974358974
0.7554806070826307 0.22974358974358974
0.7558922558922558 0.23025641025641025
0.7546218487394958 0.23025641025641025
0.7550335570469798 0.23076923076923078
0.7537688442211056 0.23076923076923078
0.754180602006689 0.2312820512820513
0.7529215358931552 0.2312820512820513
0.7516666666666667 0.2312820512820513
0.7504159733777038 0.2312820512820513
0.7508305647840532 0.2317948717948718
0.7512437810945274 0.2323076923076923
0.75 0.2323076923076923
0.7504132231404959 0.23282051282051283
0.7508250825082509 0.23333333333333334
0.7512355848434926 0.23384615384615384
0.75 0.23384615384615384
0.7504105090311987 0.23435897435897435
0.7508196721311475 0.23487179487179488
0.7495908346972177 0.23487179487179488
0.75 0.2353846153846154
0.7487765089722676 0.2353846153846154
0.749185667752443 0.2358974358974359
0.7495934959349594 0.2364102564102564
0.7483766233766234 0.2364102564102564
0.747163695299838 0.2364102564102564
0.7475728155339806 0.23692307692307693
0.7479806138933764 0.23743589743589744
0.7483870967741936 0.23794871794871794
0.748792270531401 0.23846153846153847
0.7491961414790996 0.23897435897435898
0.7495987158908507 0.23948717948717949
0.7483974358974359 0.23948717948717949
0.7488 0.24
0.7492012779552716 0.24051282051282052
0.7496012759170654 0.24102564102564103
0.7484076433121019 0.24102564102564103
0.7488076311605724 0.24153846153846154
0.7492063492063492 0.24205128205128204
0.7496038034865293 0.24256410256410257
0.7484177215189873 0.24256410256410257
0.7472353870458136 0.24256410256410257
0.7476340694006309 0.24307692307692308
0.7480314960629921 0.24358974358974358
0.7468553459119497 0.24358974358974358
0.7472527472527473 0.2441025641025641
0.7460815047021944 0.2441025641025641
0.7464788732394366 0.24461538461538462
0.746875 0.24512820512820513
0.7457098283931357 0.24512820512820513
0.7445482866043613 0.24512820512820513
0.744945567651633 0.24564102564102563
0.7453416149068323 0.24615384615384617
0.7457364341085271 0.24666666666666667
0.7445820433436533 0.24666666666666667
0.7449768160741885 0.24717948717948718
0.7453703703703703 0.24769230769230768
0.7457627118644068 0.24820512820512822
0.7461538461538462 0.24871794871794872
0.7450076804915514 0.24871794871794872
0.7438650306748467 0.24871794871794872
0.7442572741194488 0.24923076923076923
0.7431192660550459 0.24923076923076923
0.7419847328244275 0.24923076923076923
0.7423780487804879 0.24974358974358973
0.741248097412481 0.24974358974358973
0.7401215805471124 0.24974358974358973
0.7405159332321699 0.25025641025641027
0.7393939393939394 0.25025641025641027
0.7397881996974282 0.25076923076923074
0.7401812688821753 0.2512820512820513
0.7390648567119156 0.2512820512820513
0.7379518072289156 0.2512820512820513
0.7383458646616541 0.2517948717948718
0.7387387387387387 0.2523076923076923
0.7391304347826086 0.2528205128205128
0.7395209580838323 0.25333333333333335
0.7384155455904334 0.25333333333333335
0.7373134328358208 0.25333333333333335
0.7377049180327869 0.25384615384615383
0.7380952380952381 0.25435897435897437
0.736998514115899 0.25435897435897437
0.7373887240356083 0.2548717948717949
0.7362962962962963 0.2548717948717949
0.7366863905325444 0.2553846153846154
0.7370753323485968 0.2558974358974359
0.7359882005899705 0.2558974358974359
0.7349042709867453 0.2558974358974359
0.7352941176470589 0.2564102564102564
0.73568281938326 0.2569230769230769
0.7346041055718475 0.2569230769230769
0.7349926793557833 0.25743589743589745
0.7353801169590644 0.25794871794871793
0.7343065693430657 0.25794871794871793
0.7332361516034985 0.25794871794871793
0.7336244541484717 0.25846153846153846
0.7325581395348837 0.25846153846153846
0.7329462989840348 0.258974358974359
0.7318840579710145 0.258974358974359
0.7308248914616498 0.258974358974359
0.7312138728323699 0.2594871794871795
0.7316017316017316 0.26
0.7319884726224783 0.2605128205128205
0.7309352517985611 0.2605128205128205
0.7313218390804598 0.261025641025641
0.7317073170731707 0.26153846153846155
0.7306590257879656 0.26153846153846155
0.7310443490701002 0.26205128205128203
0.7314285714285714 0.26256410256410256
0.7318116975748931 0.2630769230769231
0.7307692307692307 0.2630769230769231
0.7297297297297297 0.2630769230769231
0.7286931818181818 0.2630769230769231
0.7276595744680852 0.2630769230769231
0.726628895184136 0.2630769230769231
0.7256011315417256 0.2630769230769231
0.7245762711864406 0.2630769230769231
0.7249647390691114 0.2635897435897436
0.7253521126760564 0.2641025641025641
0.7243319268635724 0.2641025641025641
0.723314606741573 0.2641025641025641
0.7223001402524544 0.2641025641025641
0.7212885154061625 0.2641025641025641
0.7216783216783217 0.26461538461538464
0.7206703910614525 0.26461538461538464
0.7210599721059973 0.2651282051282051
0.7214484679665738 0.26564102564102565
0.7204450625869263 0.26564102564102565
0.7194444444444444 0.26564102564102565
0.7198335644937587 0.26615384615384613
0.7188365650969529 0.26615384615384613
0.719225449515906 0.26666666666666666
0.7182320441988951 0.26666666666666666
0.7172413793103448 0.26666666666666666
0.7162534435261708 0.26666666666666666
0.7166437414030261 0.2671794871794872
0.717032967032967 0.2676923076923077
0.7174211248285323 0.2682051282051282
0.7164383561643836 0.2682051282051282
0.7154582763337893 0.2682051282051282
0.7144808743169399 0.2682051282051282
0.7148703956343793 0.26871794871794874
0.7138964577656676 0.26871794871794874
0.7129251700680272 0.26871794871794874
0.7133152173913043 0.2692307692307692
0.7123473541383989 0.2692307692307692
0.7127371273712737 0.26974358974358975
0.713125845737483 0.27025641025641023
0.7135135135135136 0.27076923076923076
0.7125506072874493 0.27076923076923076
0.7115902964959568 0.27076923076923076
0.7119784656796769 0.2712820512820513
0.7110215053763441 0.2712820512820513
0.7114093959731543 0.2717948717948718
0.7117962466487936 0.2723076923076923
0.7121820615796519 0.27282051282051284
0.7112299465240641 0.27282051282051284
0.7116154873164219 0.2733333333333333
0.712 0.27384615384615385
0.7123834886817576 0.2743589743589744
0.711436170212766 0.2743589743589744
0.7118193891102258 0.27487179487179486
0.7108753315649867 0.27487179487179486
0.7112582781456953 0.2753846153846154
0.7103174603174603 0.2753846153846154
0.7107001321003963 0.27589743589743587
0.7097625329815304 0.27589743589743587
0.7088274044795784 0.27589743589743587
0.7078947368421052 0.27589743589743587
0.7082785808147175 0.2764102564102564
0.7086614173228346 0.27692307692307694
0.709043250327654 0.2774358974358974
0.7081151832460733 0.2774358974358974
0.7071895424836602 0.2774358974358974
0.706266318537859 0.2774358974358974
0.7066492829204694 0.27794871794871795
0.70703125 0.2784615384615385
0.706111833550065 0.2784615384615385
0.7051948051948052 0.2784615384615385
0.7042801556420234 0.2784615384615385
0.7033678756476683 0.2784615384615385
0.703751617076326 0.27897435897435896
0.7041343669250646 0.2794871794871795
0.704516129032258 0.28
0.7036082474226805 0.28
0.703989703989704 0.2805128205128205
0.7043701799485861 0.28102564102564104
0.7034659820282413 0.28102564102564104
0.7025641025641025 0.28102564102564104
0.7016645326504481 0.28102564102564104
0.7007672634271099 0.28102564102564104
0.6998722860791826 0.28102564102564104
0.6989795918367347 0.28102564102564104
0.6980891719745222 0.28102564102564104
0.6972010178117048 0.28102564102564104
0.6975857687420585 0.2815384615384615
0.6979695431472082 0.28205128205128205
0.6983523447401775 0.2825641025641026
0.6974683544303798 0.2825641025641026
0.6978508217446271 0.28307692307692306
0.6982323232323232 0.2835897435897436
0.6986128625472888 0.2841025641025641
0.6977329974811083 0.2841025641025641
0.6981132075471698 0.2846153846153846
0.6984924623115578 0.28512820512820514
0.6976160602258469 0.28512820512820514
0.6979949874686717 0.2856410256410256
0.6971214017521903 0.2856410256410256
0.69625 0.2856410256410256
0.6953807740324595 0.2856410256410256
0.6957605985037406 0.28615384615384615
0.6961394769613948 0.2866666666666667
0.695273631840796 0.2866666666666667
0.6944099378881987 0.2866666666666667
0.6935483870967742 0.2866666666666667
0.6926889714993805 0.2866666666666667
0.693069306930693 0.28717948717948716
0.6934487021013597 0.2876923076923077
0.6925925925925925 0.2876923076923077
0.6929716399506781 0.2882051282051282
0.6921182266009852 0.2882051282051282
0.6912669126691267 0.2882051282051282
0.6916461916461917 0.2887179487179487
0.69079754601227 0.2887179487179487
0.6899509803921569 0.2887179487179487
0.6903304773561811 0.28923076923076924
0.6907090464547677 0.28974358974358977
0.6910866910866911 0.29025641025641025
0.6914634146341463 0.2907692307692308
0.6918392204628502 0.29128205128205126
0.6922141119221411 0.2917948717948718
0.692588092345079 0.2923076923076923
0.691747572815534 0.2923076923076923
0.6909090909090909 0.2923076923076923
0.6900726392251816 0.2923076923076923
0.6904474002418379 0.2928205128205128
0.6908212560386473 0.29333333333333333
0.6899879372738239 0.29333333333333333
0.6903614457831325 0.29384615384615387
0.6895306859205776 0.29384615384615387
0.6887019230769231 0.29384615384615387
0.687875150060024 0.29384615384615387
0.6870503597122302 0.29384615384615387
0.6874251497005988 0.29435897435897435
0.6866028708133971 0.29435897435897435
0.6869772998805257 0.2948717948717949
0.6873508353221957 0.2953846153846154
0.6865315852205006 0.2953846153846154
0.6857142857142857 0.2953846153846154
0.6860879904875149 0.2958974358974359
0.6852731591448931 0.2958974358974359
0.6856465005931198 0.2964102564102564
0.6860189573459715 0.2969230769230769
0.685207100591716 0.2969230769230769
0.6843971631205674 0.2969230769230769
0.6847697756788665 0.29743589743589743
0.6851415094339622 0.29794871794871797
0.6843345111896348 0.29794871794871797
0.6835294117647058 0.29794871794871797
0.6827262044653349 0.29794871794871797
0.681924882629108 0.29794871794871797
0.6822977725674091 0.29846153846153844
0.6826697892271663 0.298974358974359
0.6818713450292397 0.298974358974359
0.6822429906542056 0.2994871794871795
0.6814469078179697 0.2994871794871795
0.6806526806526807 0.2994871794871795
0.6798603026775321 0.2994871794871795
0.6802325581395349 0.3
0.6806039488966318 0.3005128205128205
0.679814385150812 0.3005128205128205
0.6801853997682503 0.301025641025641
0.6793981481481481 0.301025641025641
0.6786127167630058 0.301025641025641
0.6778290993071594 0.301025641025641
0.6782006920415224 0.30153846153846153
0.6774193548387096 0.30153846153846153
0.6766398158803222 0.30153846153846153
0.6758620689655173 0.30153846153846153
0.6762342135476463 0.30205128205128207
0.6754587155963303 0.30205128205128207
0.6746849942726232 0.30205128205128207
0.6739130434782609 0.30205128205128207
0.6731428571428572 0.30205128205128207
0.6723744292237442 0.30205128205128207
0.6716077537058153 0.30205128205128207
0.6719817767653758 0.30256410256410254
0.6712172923777019 0.30256410256410254
0.6715909090909091 0.3030769230769231
0.6708286038592508 0.3030769230769231
0.671201814058957 0.3035897435897436
0.6715741789354474 0.3041025641025641
0.670814479638009 0.3041025641025641
0.6711864406779661 0.3046153846153846
0.6704288939051919 0.3046153846153846
0.6696730552423901 0.3046153846153846
0.670045045045045 0.30512820512820515
0.6704161979752531 0.30564102564102563
0.6696629213483146 0.30564102564102563
0.6689113355780022 0.30564102564102563
0.6692825112107623 0.30615384615384617
0.6696528555431132 0.30666666666666664
0.668903803131991 0.30666666666666664
0.6692737430167598 0.3071794871794872
0.6696428571428571 0.3076923076923077
0.6688963210702341 0.3076923076923077
0.6681514476614699 0.3076923076923077
0.6685205784204672 0.3082051282051282
0.6688888888888889 0.3087179487179487
0.6692563817980022 0.30923076923076925
0.6685144124168514 0.30923076923076925
0.6677740863787376 0.30923076923076925
0.6670353982300885 0.30923076923076925
0.6662983425414365 0.30923076923076925
0.6655629139072847 0.30923076923076925
0.6648291069459757 0.30923076923076925
0.6640969162995595 0.30923076923076925
0.6644664466446645 0.30974358974358973
0.6648351648351648 0.31025641025641026
0.6641053787047201 0.31025641025641026
0.6633771929824561 0.31025641025641026
0.6626506024096386 0.31025641025641026
0.6630196936542669 0.31076923076923074
0.6622950819672131 0.31076923076923074
0.6615720524017468 0.31076923076923074
0.6608505997818975 0.31076923076923074
0.6612200435729847 0.3112820512820513
0.661588683351469 0.3117948717948718
0.6608695652173913 0.3117948717948718
0.6601520086862106 0.3117948717948718
0.6605206073752712 0.3123076923076923
0.6608884073672806 0.3128205128205128
0.6612554112554112 0.31333333333333335
0.6616216216216216 0.31384615384615383
0.661987041036717 0.31435897435897436
0.6623516720604099 0.3148717948717949
0.6616379310344828 0.3148717948717949
0.6609257265877287 0.3148717948717949
0.6602150537634408 0.3148717948717949
0.6595059076262084 0.3148717948717949
0.6587982832618026 0.3148717948717949
0.6580921757770632 0.3148717948717949
0.658458244111349 0.3153846153846154
0.6577540106951871 0.3153846153846154
0.657051282051282 0.3153846153846154
0.6574172892209178 0.3158974358974359
0.6577825159914712 0.3164102564102564
0.65814696485623 0.3169230769230769
0.6585106382978724 0.31743589743589745
0.6578108395324124 0.31743589743589745
0.6581740976645435 0.31794871794871793
0.6574761399787911 0.31794871794871793
0.6578389830508474 0.31846153846153846
0.6582010582010582 0.318974358974359
0.6585623678646935 0.3194871794871795
0.6589229144667371 0.32
0.6592827004219409 0.32051282051282054
0.6585879873551106 0.32051282051282054
0.6578947368421053 0.32051282051282054
0.6572029442691903 0.32051282051282054
0.6565126050420168 0.32051282051282054
0.6558237145855194 0.32051282051282054
0.6561844863731656 0.321025641025641
0.6554973821989529 0.321025641025641
0.6548117154811716 0.321025641025641
0.6541274817136886 0.321025641025641
0.6534446764091858 0.321025641025641
0.6527632950990615 0.321025641025641
0.653125 0.32153846153846155
0.6524453694068678 0.32153846153846155
0.6528066528066528 0.32205128205128203
0.6531671858774662 0.32256410256410256
0.6535269709543569 0.3230769230769231
0.6528497409326425 0.3230769230769231
0.6532091097308489 0.3235897435897436
0.6525336091003102 0.3235897435897436
0.6528925619834711 0.3241025641025641
0.6522187822497421 0.3241025641025641
0.6525773195876289 0.32461538461538464
0.6519052523171988 0.32461538461538464
0.6512345679012346 0.32461538461538464
0.6505652620760535 0.32461538461538464
0.6498973305954825 0.32461538461538464
0.6492307692307693 0.32461538461538464
0.6495901639344263 0.3251282051282051
0.6489252814738997 0.3251282051282051
0.6492842535787321 0.32564102564102565
0.6496424923391215 0.3261538461538461
0.65 0.32666666666666666
0.6493374108053007 0.32666666666666666
0.6496945010183299 0.3271794871794872
0.6490335707019329 0.3271794871794872
0.6483739837398373 0.3271794871794872
0.6487309644670051 0.32769230769230767
0.6480730223123732 0.32769230769230767
0.6484295845997974 0.3282051282051282
0.6487854251012146 0.32871794871794874
0.6491405460060667 0.3292307692307692
0.6484848484848484 0.3292307692307692
0.6478304742684158 0.3292307692307692
0.6481854838709677 0.32974358974358975
0.648539778449144 0.3302564102564103
0.647887323943662 0.3302564102564103
0.6482412060301508 0.33076923076923076
0.6475903614457831 0.33076923076923076
0.6469408224674023 0.33076923076923076
0.6462925851703407 0.33076923076923076
0.6466466466466466 0.3312820512820513
0.646 0.3312820512820513
0.6453546453546454 0.3312820512820513
0.6457085828343313 0.33179487179487177
0.646061814556331 0.3323076923076923
0.646414342629482 0.33282051282051284
0.6467661691542289 0.3333333333333333
0.647117296222664 0.33384615384615385
0.64746772591857 0.3343589743589744
0.6468253968253969 0.3343589743589744
0.6461843409316155 0.3343589743589744
0.6465346534653466 0.33487179487179486
0.645895153313551 0.33487179487179486
0.6462450592885376 0.3353846153846154
0.6456071076011846 0.3353846153846154
0.645956607495069 0.33589743589743587
0.645320197044335 0.33589743589743587
0.6446850393700787 0.33589743589743587
0.6450344149459194 0.3364102564102564
0.6444007858546169 0.3364102564102564
0.6437684003925417 0.3364102564102564
0.6431372549019608 0.3364102564102564
0.643486777668952 0.33692307692307694
0.6428571428571429 0.33692307692307694
0.6422287390029325 0.33692307692307694
0.6416015625 0.33692307692307694
0.6409756097560976 0.33692307692307694
0.6403508771929824 0.33692307692307694
0.6397273612463485 0.33692307692307694
0.6400778210116731 0.3374358974358974
0.6394557823129252 0.3374358974358974
0.6398058252427185 0.33794871794871795
0.6401551891367604 0.3384615384615385
0.6395348837209303 0.3384615384615385
0.6389157792836399 0.3384615384615385
0.6392649903288201 0.33897435897435896
0.6386473429951691 0.33897435897435896
0.638996138996139 0.3394871794871795
0.6383799421407907 0.3394871794871795
0.6377649325626205 0.3394871794871795
0.6371511068334937 0.3394871794871795
0.6365384615384615 0.3394871794871795
0.6359269932756965 0.3394871794871795
0.6353166986564299 0.3394871794871795
0.6356663470757431 0.34
0.6360153256704981 0.3405128205128205
0.6354066985645933 0.3405128205128205
0.635755258126195 0.34102564102564104
0.6351480420248329 0.34102564102564104
0.6345419847328244 0.34102564102564104
0.6339370829361296 0.34102564102564104
0.6333333333333333 0.34102564102564104
0.6336822074215034 0.3415384615384615
0.6340304182509505 0.34205128205128205
0.6343779677113011 0.3425641025641026
0.6337760910815939 0.3425641025641026
0.6341232227488152 0.34307692307692306
0.634469696969697 0.3435897435897436
0.6348155156102177 0.3441025641025641
0.6342155009451795 0.3441025641025641
0.6336166194523135 0.3441025641025641
0.6339622641509434 0.3446153846153846
0.6333647502356268 0.3446153846153846
0.632768361581921 0.3446153846153846
0.6331138287864534 0.34512820512820513
0.6334586466165414 0.34564102564102567
0.6328638497652582 0.34564102564102567
0.6322701688555347 0.34564102564102567
0.6316776007497656 0.34564102564102567
0.6310861423220974 0.34564102564102567
0.6314312441534145 0.34615384615384615
0.6317757009345795 0.3466666666666667
0.6311858076563959 0.3466666666666667
0.6305970149253731 0.3466666666666667
0.6309412861136999 0.34717948717948716
0.6312849162011173 0.3476923076923077
0.6316279069767442 0.3482051282051282
0.6319702602230484 0.3487179487179487
0.6323119777158774 0.34923076923076923
0.6317254174397031 0.34923076923076923
0.6311399443929564 0.34923076923076923
0.6305555555555555 0.34923076923076923
0.6308973172987974 0.34974358974358977
0.6312384473197782 0.35025641025641024
0.6306555863342567 0.35025641025641024
0.6309963099630996 0.3507692307692308
0.6304147465437788 0.3507692307692308
0.6298342541436464 0.3507692307692308
0.6301747930082797 0.35128205128205126
0.6295955882352942 0.35128205128205126
0.6290174471992653 0.35128205128205126
0.6284403669724771 0.35128205128205126
0.6287809349220899 0.3517948717948718
0.6282051282051282 0.3517948717948718
0.6276303751143641 0.3517948717948718
0.6279707495429616 0.3523076923076923
0.628310502283105 0.3528205128205128
0.6277372262773723 0.3528205128205128
0.6271649954421149 0.3528205128205128
0.6265938069216758 0.3528205128205128
0.6260236578707916 0.3528205128205128
0.6254545454545455 0.3528205128205128
0.6248864668483197 0.3528205128205128
0.6243194192377496 0.3528205128205128
0.6237533998186764 0.3528205128205128
0.6231884057971014 0.3528205128205128
0.6235294117647059 0.35333333333333333
0.6229656419529838 0.35333333333333333
0.6233062330623306 0.35384615384615387
0.6236462093862816 0.35435897435897434
0.6239855725879171 0.3548717948717949
0.6243243243243243 0.3553846153846154
0.6237623762376238 0.3553846153846154
0.6241007194244604 0.3558974358974359
0.6235399820305481 0.3558974358974359
0.6229802513464991 0.3558974358974359
0.6233183856502242 0.3564102564102564
0.6227598566308243 0.3564102564102564
0.622202327663384 0.3564102564102564
0.6216457960644007 0.3564102564102564
0.6219839142091153 0.3569230769230769
0.6214285714285714 0.3569230769230769
0.6217662801070473 0.35743589743589743
0.6221033868092691 0.35794871794871796
0.6215494211932324 0.35794871794871796
0.6209964412811388 0.35794871794871796
0.6204444444444445 0.35794871794871796
0.6198934280639432 0.35794871794871796
0.6202307009760426 0.35846153846153844
0.6205673758865248 0.358974358974359
0.6200177147918512 0.358974358974359
0.6194690265486725 0.358974358974359
0.6198054818744474 0.3594871794871795
0.6201413427561837 0.36
0.6204766107678729 0.3605128205128205
0.6208112874779541 0.36102564102564105
0.6211453744493393 0.36153846153846153
0.6205985915492958 0.36153846153846153
0.6200527704485488 0.36153846153846153
0.6203866432337434 0.36205128205128206
0.6198419666374012 0.36205128205128206
0.6192982456140351 0.36205128205128206
0.6187554776511832 0.36205128205128206
0.6182136602451839 0.36205128205128206
0.6176727909011374 0.36205128205128206
0.6171328671328671 0.36205128205128206
0.616593886462882 0.36205128205128206
0.6160558464223386 0.36205128205128206
0.6155187445510026 0.36205128205128206
0.6158536585365854 0.36256410256410254
0.6153176675369887 0.36256410256410254
0.6147826086956522 0.36256410256410254
0.6142484795829714 0.36256410256410254
0.6137152777777778 0.36256410256410254
0.614050303555941 0.3630769230769231
0.6143847487001733 0.3635897435897436
0.6147186147186147 0.3641025641025641
0.6150519031141869 0.3646153846153846
0.6153846153846154 0.36512820512820515
0.614853195164076 0.36512820512820515
0.6151855047454702 0.36564102564102563
0.6146551724137931 0.36564102564102563
0.6141257536606374 0.36564102564102563
0.6135972461273667 0.36564102564102563
0.6130696474634566 0.36564102564102563
0.6134020618556701 0.36615384615384616
0.6137339055793991 0.36666666666666664
0.614065180102916 0.3671794871794872
0.6135389888603257 0.3671794871794872
0.613013698630137 0.3671794871794872
0.6124893071000855 0.3671794871794872
0.6128205128205129 0.3676923076923077
0.6131511528608027 0.3682051282051282
0.6126279863481229 0.3682051282051282
0.6121057118499573 0.3682051282051282
0.6115843270868825 0.3682051282051282
0.6110638297872341 0.3682051282051282
0.6105442176870748 0.3682051282051282
0.6100254885301615 0.3682051282051282
0.6103565365025467 0.3687179487179487
0.6098388464800678 0.3687179487179487
0.6101694915254238 0.36923076923076925
0.6096528365791702 0.36923076923076925
0.6091370558375635 0.36923076923076925
0.6094674556213018 0.36974358974358973
0.6089527027027027 0.36974358974358973
0.6084388185654008 0.36974358974358973
0.6087689713322091 0.37025641025641026
0.6090985678180286 0.3707692307692308
0.6094276094276094 0.3712820512820513
0.6097560975609756 0.3717948717948718
0.6100840336134454 0.3723076923076923
0.6095717884130982 0.3723076923076923
0.6098993288590604 0.3728205128205128
0.6093880972338642 0.3728205128205128
0.609715242881072 0.37333333333333335
0.6100418410041841 0.37384615384615383
0.6095317725752508 0.37384615384615383
0.6090225563909775 0.37384615384615383
0.6085141903171953 0.37384615384615383
0.6080066722268557 0.37384615384615383
0.6075 0.37384615384615383
0.6069941715237303 0.37384615384615383
0.6064891846921797 0.37384615384615383
0.6068162926018288 0.37435897435897436
0.606312292358804 0.37435897435897436
0.6058091286307054 0.37435897435897436
0.6053067993366501 0.37435897435897436
0.6056338028169014 0.3748717948717949
0.6059602649006622 0.37538461538461537
0.6062861869313482 0.3758974358974359
0.6066115702479339 0.3764102564102564
0.6069364161849711 0.3769230769230769
0.6064356435643564 0.3769230769230769
0.606760098928277 0.37743589743589745
0.6070840197693574 0.3779487179487179
0.6065843621399177 0.3779487179487179
0.6069078947368421 0.37846153846153846
0.6072308956450287 0.378974358974359
0.6075533661740559 0.37948717948717947
0.6070549630844955 0.37948717948717947
0.6065573770491803 0.37948717948717947
0.6060606060606061 0.37948717948717947
0.6055646481178396 0.37948717948717947
0.6050695012264923 0.37948717948717947
0.6045751633986928 0.37948717948717947
0.6040816326530613 0.37948717948717947
0.6044045676998369 0.38
0.6039119804400978 0.38
0.6034201954397395 0.38
0.6029292107404394 0.38
0.6024390243902439 0.38
0.6019496344435419 0.38
0.6022727272727273 0.38051282051282054
0.6017842660178426 0.38051282051282054
0.6012965964343598 0.38051282051282054
0.6016194331983805 0.381025641025641
0.6019417475728155 0.38153846153846155
0.6022635408245756 0.382051282051282
0.6017770597738288 0.382051282051282
0.6012913640032284 0.382051282051282
0.6008064516129032 0.382051282051282
0.6003223207091055 0.382051282051282
0.6006441223832528 0.38256410256410256
0.6009654062751408 0.3830769230769231
0.6004823151125402 0.3830769230769231
0.6 0.3830769230769231
0.5995184590690209 0.3830769230769231
0.5998396150761829 0.38358974358974357
0.6001602564102564 0.3841025641025641
0.5996797437950361 0.3841025641025641
0.6 0.38461538461538464
0.5995203836930456 0.38461538461538464
0.5990415335463258 0.38461538461538464
0.5993615323224262 0.3851282051282051
0.5996810207336523 0.38564102564102565
0.599203187250996 0.38564102564102565
0.5995222929936306 0.3861538461538462
0.5998408910103421 0.38666666666666666
0.5993640699523053 0.38666666666666666
0.5988880063542494 0.38666666666666666
0.5984126984126984 0.38666666666666666
0.598731165741475 0.3871794871794872
0.598256735340729 0.3871794871794872
0.5985748218527316 0.38769230769230767
0.5981012658227848 0.38769230769230767
0.5976284584980237 0.38769230769230767
0.5979462875197472 0.3882051282051282
0.5974743488555643 0.3882051282051282
0.5970031545741324 0.3882051282051282
0.5965327029156816 0.3882051282051282
0.5968503937007874 0.38871794871794874
0.5963808025177026 0.38871794871794874
0.5966981132075472 0.3892307692307692
0.596229379418696 0.3892307692307692
0.5957613814756672 0.3892307692307692
0.5952941176470589 0.3892307692307692
0.5948275862068966 0.3892307692307692
0.5951448707909162 0.38974358974358975
0.594679186228482 0.38974358974358975
0.5942142298670836 0.38974358974358975
0.59375 0.38974358974358975
0.5932864949258392 0.38974358974358975
0.592823712948518 0.38974358974358975
0.5923616523772408 0.38974358974358975
0.5919003115264797 0.38974358974358975
0.5922178988326848 0.3902564102564103
0.5917573872472783 0.3902564102564103
0.5920745920745921 0.39076923076923076
0.5916149068322981 0.39076923076923076
0.591155934833204 0.39076923076923076
0.5906976744186047 0.39076923076923076
0.5910147172734315 0.3912820512820513
0.5913312693498453 0.39179487179487177
0.5916473317865429 0.3923076923076923
0.5919629057187017 0.39282051282051283
0.5922779922779923 0.3933333333333333
0.591820987654321 0.3933333333333333
0.5913646877409406 0.3933333333333333
0.5916795069337443 0.39384615384615385
0.5919938414164743 0.3943589743589744
0.5915384615384616 0.3943589743589744
0.5918524212144505 0.39487179487179486
0.5913978494623656 0.39487179487179486
0.5909439754412893 0.39487179487179486
0.5912576687116564 0.3953846153846154
0.5908045977011495 0.3953846153846154
0.5911179173047473 0.3958974358974359
0.5914307574598316 0.3964102564102564
0.5909785932721713 0.3964102564102564
0.5905271199388846 0.3964102564102564
0.5908396946564886 0.39692307692307693
0.5903890160183066 0.39692307692307693
0.5899390243902439 0.39692307692307693
0.5894897182025894 0.39692307692307693
0.589041095890411 0.39692307692307693
0.5885931558935361 0.39692307692307693
0.5881458966565349 0.39692307692307693
0.5884586180713743 0.3974358974358974
0.5880121396054628 0.3974358974358974
0.5875663381349507 0.3974358974358974
0.5878787878787879 0.39794871794871794
0.5874337623012869 0.39794871794871794
0.5869894099848714 0.39794871794871794
0.5865457294028723 0.39794871794871794
0.5868580060422961 0.3984615384615385
0.5864150943396227 0.3984615384615385
0.5859728506787331 0.3984615384615385
0.586284853051997 0.39897435897435896
0.5865963855421686 0.3994871794871795
0.5861550037622273 0.3994871794871795
0.5864661654135338 0.4
0.5867768595041323 0.4005128205128205
0.5863363363363363 0.4005128205128205
0.5858964741185296 0.4005128205128205
0.5854572713643178 0.4005128205128205
0.5857677902621723 0.40102564102564103
0.5853293413173652 0.40102564102564103
0.5848915482423336 0.40102564102564103
0.5844544095665172 0.40102564102564103
0.5847647498132935 0.4015384615384615
0.5850746268656717 0.40205128205128204
0.5853840417598807 0.4025641025641026
0.5849478390461997 0.4025641025641026
0.5845122859270291 0.4025641025641026
0.5840773809523809 0.4025641025641026
0.5836431226765799 0.4025641025641026
0.5832095096582467 0.4025641025641026
0.5827765404602822 0.4025641025641026
0.5823442136498517 0.4025641025641026
0.5819125277983692 0.4025641025641026
0.5814814814814815 0.4025641025641026
0.5810510732790526 0.4025641025641026
0.5806213017751479 0.4025641025641026
0.5801921655580192 0.4025641025641026
0.5797636632200887 0.4025641025641026
0.5793357933579336 0.4025641025641026
0.5789085545722714 0.4025641025641026
0.5792188651436994 0.40307692307692305
0.5795287187039765 0.4035897435897436
0.579102281089036 0.4035897435897436
0.5794117647058824 0.4041025641025641
0.5797207935341661 0.4046153846153846
0.580029368575624 0.40512820512820513
0.5796038151137197 0.40512820512820513
0.5799120234604106 0.40564102564102567
0.5802197802197803 0.40615384615384614
0.5797950219619327 0.40615384615384614
0.5801024140453548 0.4066666666666667
0.5796783625730995 0.4066666666666667
0.579254930606282 0.4066666666666667
0.5788321167883211 0.4066666666666667
0.5791393143690736 0.40717948717948715
0.5787172011661808 0.40717948717948715
0.5782957028404953 0.40717948717948715
0.5778748180494906 0.40717948717948715
0.5781818181818181 0.4076923076923077
0.5777616279069767 0.4076923076923077
0.5773420479302832 0.4076923076923077
0.5776487663280117 0.4082051282051282
0.5772298767222626 0.4082051282051282
0.5768115942028985 0.4082051282051282
0.5763939174511223 0.4082051282051282
0.5759768451519537 0.4082051282051282
0.5762834417932032 0.4087179487179487
0.5765895953757225 0.40923076923076923
0.5761732851985559 0.40923076923076923
0.5764790764790765 0.40974358974358976
0.5760634462869503 0.40974358974358976
0.5756484149855908 0.40974358974358976
0.5752339812814975 0.40974358974358976
0.5748201438848921 0.40974358974358976
0.5751258087706685 0.41025641025641024
0.5747126436781609 0.41025641025641024
0.5750179468772434 0.4107692307692308
0.5746054519368723 0.4107692307692308
0.5741935483870968 0.4107692307692308
0.5737822349570201 0.4107692307692308
0.5733715103793844 0.4107692307692308
0.5736766809728183 0.4112820512820513
0.5739814152966405 0.4117948717948718
0.5735714285714286 0.4117948717948718
0.5731620271234832 0.4117948717948718
0.572753209700428 0.4117948717948718
0.5723449750534568 0.4117948717948718
0.5719373219373219 0.4117948717948718
0.5715302491103202 0.4117948717948718
0.5718349928876245 0.4123076923076923
0.5714285714285714 0.4123076923076923
0.5710227272727273 0.4123076923076923
0.5706174591909156 0.4123076923076923
0.5702127659574469 0.4123076923076923
0.5698086463501063 0.4123076923076923
0.5701133144475921 0.4128205128205128
0.5704175513092711 0.41333333333333333
0.5707213578500707 0.41384615384615386
0.5703180212014134 0.41384615384615386
0.5706214689265536 0.41435897435897434
0.5702187720536345 0.41435897435897434
0.5698166431593794 0.41435897435897434
0.5701198026779423 0.4148717948717949
0.569718309859155 0.4148717948717949
0.569317382125264 0.4148717948717949
0.569620253164557 0.4153846153846154
0.5692199578355587 0.4153846153846154
0.5695224719101124 0.4158974358974359
0.5691228070175438 0.4158974358974359
0.5687237026647967 0.4158974358974359
0.5683251576734408 0.4158974358974359
0.5679271708683473 0.4158974358974359
0.5675297410776767 0.4158974358974359
0.5678321678321678 0.4164102564102564
0.5681341719077568 0.4169230769230769
0.5677374301675978 0.4169230769230769
0.567341242149337 0.4169230769230769
0.5676429567642957 0.41743589743589743
0.5672473867595819 0.41743589743589743
0.5668523676880223 0.41743589743589743
0.5664578983994433 0.41743589743589743
0.5660639777468707 0.41743589743589743
0.5656706045865184 0.41743589743589743
0.5659722222222222 0.41794871794871796
0.5655794587092297 0.41794871794871796
0.5651872399445215 0.41794871794871796
0.5647955647955648 0.41794871794871796
0.564404432132964 0.41794871794871796
0.5640138408304498 0.41794871794871796
0.5643153526970954 0.41846153846153844
0.5639253628196268 0.41846153846153844
0.56353591160221 0.41846153846153844
0.5631469979296067 0.41846153846153844
0.5634482758620689 0.418974358974359
0.5637491385251551 0.4194871794871795
0.5640495867768595 0.42
0.5636613902271164 0.42
0.5639614855570839 0.4205128205128205
0.563573883161512 0.4205128205128205
0.5638736263736264 0.42102564102564105
0.5641729581331503 0.42153846153846153
0.5637860082304527 0.42153846153846153
0.5633995887594243 0.42153846153846153
0.563013698630137 0.42153846153846153
0.5626283367556468 0.42153846153846153
0.5622435020519836 0.42153846153846153
0.5618591934381408 0.42153846153846153
0.5614754098360656 0.42153846153846153
0.5610921501706485 0.42153846153846153
0.5607094133697135 0.42153846153846153
0.5603271983640081 0.42153846153846153
0.5606267029972752 0.42205128205128206
0.5602450646698435 0.42205128205128206
0.5598639455782313 0.42205128205128206
0.5594833446634943 0.42205128205128206
0.5597826086956522 0.42256410256410254
0.5594025797691785 0.42256410256410254
0.5590230664857531 0.42256410256410254
0.5586440677966101 0.42256410256410254
0.5582655826558266 0.42256410256410254
0.5578876100203114 0.42256410256410254
0.557510148849797 0.42256410256410254
0.5571331981068289 0.42256410256410254
0.5574324324324325 0.4230769230769231
0.5570560432140446 0.4230769230769231
0.5566801619433198 0.4230769230769231
0.5569790964261632 0.4235897435897436
0.5566037735849056 0.4235897435897436
0.5562289562289562 0.4235897435897436
0.5558546433378196 0.4235897435897436
0.5554808338937458 0.4235897435897436
0.5551075268817204 0.4235897435897436
0.554734721289456 0.4235897435897436
0.5543624161073826 0.4235897435897436
0.5546613011401744 0.4241025641025641
0.5542895442359249 0.4241025641025641
0.5545880776959142 0.4246153846153846
0.5542168674698795 0.4246153846153846
0.5538461538461539 0.4246153846153846
0.553475935828877 0.4246153846153846
0.5531062124248497 0.4246153846153846
0.5527369826435247 0.4246153846153846
0.552368245496998 0.4246153846153846
0.552 0.4246153846153846
0.5516322451698867 0.4246153846153846
0.5512649800266312 0.4246153846153846
0.5515635395874917 0.42512820512820515
0.5518617021276596 0.4256410256410256
0.5521594684385382 0.42615384615384616
0.5517928286852589 0.42615384615384616
0.5514266755142667 0.42615384615384616
0.5517241379310345 0.4266666666666667
0.5513585155732273 0.4266666666666667
0.5509933774834437 0.4266666666666667
0.5506287227001986 0.4266666666666667
0.5502645502645502 0.4266666666666667
0.5499008592200926 0.4266666666666667
0.5495376486129459 0.4266666666666667
0.5491749174917492 0.4266666666666667
0.5494722955145118 0.42717948717948717
0.5491100856954515 0.42717948717948717
0.5487483530961792 0.42717948717948717
0.5483870967741935 0.42717948717948717
0.5480263157894737 0.42717948717948717
0.5483234714003945 0.4276923076923077
0.5479632063074902 0.4276923076923077
0.5476034143138543 0.4276923076923077
0.5479002624671916 0.4282051282051282
0.5481967213114755 0.4287179487179487
0.5484927916120577 0.42923076923076925
0.5481335952848723 0.42923076923076925
0.5477748691099477 0.42923076923076925
0.5474166121648136 0.42923076923076925
0.5477124183006536 0.4297435897435897
0.5473546701502287 0.4297435897435897
0.5469973890339426 0.4297435897435897
0.5466405740378343 0.4297435897435897
0.5469361147327249 0.43025641025641026
0.5465798045602606 0.43025641025641026
0.546875 0.4307692307692308
0.5471698113207547 0.43128205128205127
0.546814044213264 0.43128205128205127
0.5464587394411956 0.43128205128205127
0.5467532467532468 0.4317948717948718
0.5463984425697599 0.4317948717948718
0.5460440985732814 0.4317948717948718
0.5456902138690862 0.4317948717948718
0.5453367875647669 0.4317948717948718
0.5449838187702265 0.4317948717948718
0.5446313065976714 0.4317948717948718
0.5442792501616031 0.4317948717948718
0.5445736434108527 0.4323076923076923
0.5448676565526146 0.4328205128205128
0.5445161290322581 0.4328205128205128
0.5441650548033526 0.4328205128205128
0.5438144329896907 0.4328205128205128
0.5434642627173213 0.4328205128205128
0.5431145431145431 0.4328205128205128
0.5427652733118971 0.4328205128205128
0.5424164524421594 0.4328205128205128
0.5427103403982017 0.43333333333333335
0.5430038510911425 0.4338461538461538
0.5432969852469531 0.43435897435897436
0.5435897435897435 0.4348717948717949
0.5432415118513774 0.4348717948717949
0.5428937259923176 0.4348717948717949
0.5425463851567498 0.4348717948717949
0.5421994884910486 0.4348717948717949
0.5418530351437699 0.4348717948717949
0.541507024265645 0.4348717948717949
0.5411614550095725 0.4348717948717949
0.5408163265306123 0.4348717948717949
0.5411089866156787 0.43538461538461537
0.5407643312101911 0.43538461538461537
0.5404201145767027 0.43538461538461537
0.5407124681933843 0.4358974358974359
0.540368722186904 0.4358974358974359
0.5400254129606099 0.4358974358974359
0.5396825396825397 0.4358974358974359
0.5399746192893401 0.43641025641025644
0.5396322130627774 0.43641025641025644
0.5392902408111534 0.43641025641025644
0.5395820139328689 0.4369230769230769
0.5392405063291139 0.4369230769230769
0.538899430740038 0.4369230769230769
0.538558786346397 0.4369230769230769
0.5382185723310171 0.4369230769230769
0.5378787878787878 0.4369230769230769
0.5375394321766561 0.4369230769230769
0.5372005044136192 0.4369230769230769
0.5374921235034656 0.43743589743589745
0.5371536523929471 0.43743589743589745
0.5368156073001888 0.43743589743589745
0.5364779874213836 0.43743589743589745
0.5361407919547454 0.43743589743589745
0.5358040201005025 0.43743589743589745
0.5354676710608914 0.43743589743589745
0.5351317440401505 0.43743589743589745
0.535423197492163 0.4379487179487179
0.5350877192982456 0.4379487179487179
0.5353788353162179 0.43846153846153846
0.5350438047559449 0.43846153846153846
0.535334584115072 0.438974358974359
0.535625 0.43948717948717947
0.5352904434728295 0.43948717948717947
0.5349563046192259 0.43948717948717947
0.5352464129756707 0.44
0.5349127182044888 0.44
0.5345794392523364 0.44
0.5342465753424658 0.44
0.5339141257000622 0.44
0.5335820895522388 0.44
0.5332504661280298 0.44
0.5329192546583851 0.44
0.5332091868404718 0.44051282051282054
0.533498759305211 0.441025641025641
0.5331680099194048 0.441025641025641
0.5328376703841388 0.441025641025641
0.5325077399380805 0.441025641025641
0.5321782178217822 0.441025641025641
0.5318491032776747 0.441025641025641
0.5315203955500618 0.441025641025641
0.5311920938851142 0.441025641025641
0.5308641975308642 0.441025641025641
0.5311536088834053 0.44153846153846155
0.530826140567201 0.44153846153846155
0.5304990757855823 0.44153846153846155
0.5301724137931034 0.44153846153846155
0.5298461538461539 0.44153846153846155
0.5301353013530136 0.442051282051282
0.5298094652735095 0.442051282051282
0.5294840294840295 0.442051282051282
0.5297728667894414 0.44256410256410256
0.5294478527607362 0.44256410256410256
0.5291232372777437 0.44256410256410256
0.5287990196078431 0.44256410256410256
0.5290875688916106 0.4430769230769231
0.5287637698898409 0.4430769230769231
0.5290519877675841 0.44358974358974357
0.5287286063569682 0.44358974358974357
0.5284056200366524 0.44358974358974357
0.5280830280830281 0.44358974358974357
0.5277608297742525 0.44358974358974357
0.5274390243902439 0.44358974358974357
0.5271176112126752 0.44358974358974357
0.5267965895249695 0.44358974358974357
0.527084601339014 0.4441025641025641
0.5273722627737226 0.44461538461538463
0.5270516717325228 0.44461538461538463
0.5267314702308628 0.44461538461538463
0.5264116575591985 0.44461538461538463
0.5260922330097088 0.44461538461538463
0.5257731958762887 0.44461538461538463
0.5254545454545455 0.44461538461538463
0.5251362810417929 0.44461538461538463
0.524818401937046 0.44461538461538463
0.5251058681185723 0.4451282051282051
0.524788391777509 0.4451282051282051
0.5244712990936556 0.4451282051282051
0.5241545893719807 0.4451282051282051
0.523838261919131 0.4451282051282051
0.5241254523522316 0.44564102564102565
0.5238095238095238 0.44564102564102565
0.5234939759036145 0.44564102564102565
0.5231788079470199 0.44564102564102565
0.5228640192539109 0.44564102564102565
0.5225496091401083 0.44564102564102565
0.5222355769230769 0.44564102564102565
0.5225225225225225 0.4461538461538462
0.5228091236494598 0.44666666666666666
0.52249550089982 0.44666666666666666
0.5221822541966427 0.44666666666666666
0.5218693828639904 0.44666666666666666
0.5221556886227545 0.4471794871794872
0.5218432076600837 0.4471794871794872
0.5215311004784688 0.4471794871794872
0.5212193664076509 0.4471794871794872
0.5209080047789725 0.4471794871794872
0.5205970149253731 0.4471794871794872
0.5202863961813843 0.4471794871794872
0.5205724508050089 0.44769230769230767
0.5202622169249106 0.44769230769230767
0.5199523525908278 0.44769230769230767
0.5196428571428572 0.44769230769230767
0.5193337299226651 0.44769230769230767
0.5190249702734839 0.44769230769230767
0.5193107546048723 0.4482051282051282
0.5190023752969121 0.4482051282051282
0.5186943620178042 0.4482051282051282
0.5183867141162515 0.4482051282051282
0.5186721991701245 0.44871794871794873
0.5183649289099526 0.44871794871794873
0.5180580224985198 0.44871794871794873
0.5177514792899408 0.44871794871794873
0.5174452986398581 0.44871794871794873
0.5171394799054374 0.44871794871794873
0.5168340224453633 0.44871794871794873
0.5165289256198347 0.44871794871794873
0.5168141592920354 0.4492307692307692
0.5170990566037735 0.44974358974358974
0.5167943429581615 0.44974358974358974
0.5170789163722026 0.4502564102564103
0.516774573278399 0.4502564102564103
0.5170588235294118 0.45076923076923076
0.5167548500881834 0.45076923076923076
0.5164512338425382 0.45076923076923076
0.5161479741632413 0.45076923076923076
0.5158450704225352 0.45076923076923076
0.5155425219941349 0.45076923076923076
0.515240328253224 0.45076923076923076
0.5149384885764499 0.45076923076923076
0.5152224824355972 0.4512820512820513
0.5149210064365126 0.4512820512820513
0.5146198830409356 0.4512820512820513
0.5143191116306254 0.4512820512820513
0.514018691588785 0.4512820512820513
0.5137186223000584 0.4512820512820513
0.5134189031505251 0.4512820512820513
0.5131195335276968 0.4512820512820513
0.5128205128205128 0.4512820512820513
0.5131042516016308 0.4517948717948718
0.5128055878928988 0.4517948717948718
0.5125072716695753 0.4517948717948718
0.5127906976744186 0.4523076923076923
0.5124927367809413 0.4523076923076923
0.5121951219512195 0.4523076923076923
0.5118978525827046 0.4523076923076923
0.511600928074246 0.4523076923076923
0.5118840579710144 0.45282051282051283
0.5115874855156431 0.45282051282051283
0.5112912565141865 0.45282051282051283
0.5109953703703703 0.45282051282051283
0.5106998264893001 0.45282051282051283
0.5104046242774567 0.45282051282051283
0.5101097631426921 0.45282051282051283
0.5098152424942263 0.45282051282051283
0.5100980957876514 0.4533333333333333
0.5098039215686274 0.4533333333333333
0.5100864553314121 0.45384615384615384
0.5097926267281107 0.45384615384615384
0.5094991364421416 0.45384615384615384
0.5097813578826237 0.4543589743589744
0.5094882116158712 0.4543589743589744
0.5091954022988506 0.4543589743589744
0.5089029293509477 0.4543589743589744
0.5086107921928817 0.4543589743589744
0.5083189902467011 0.4543589743589744
0.5080275229357798 0.4543589743589744
0.5083094555873926 0.45487179487179485
0.5080183276059564 0.45487179487179485
0.5077275329135661 0.45487179487179485
0.5074370709382151 0.45487179487179485
0.5077186963979416 0.4553846153846154
0.508 0.4558974358974359
0.5077098800685322 0.4558974358974359
0.507420091324201 0.4558974358974359
0.5071306332002282 0.4558974358974359
0.507411630558723 0.4564102564102564
0.5076923076923077 0.45692307692307693
0.5079726651480638 0.4574358974358974
0.5076835515082527 0.4574358974358974
0.5073947667804323 0.4574358974358974
0.5071063104036384 0.4574358974358974
0.5068181818181818 0.4574358974358974
0.5065303804656445 0.4574358974358974
0.5062429057888763 0.4574358974358974
0.5059557572319909 0.4574358974358974
0.5056689342403629 0.4574358974358974
0.5053824362606232 0.4574358974358974
0.5050962627406569 0.4574358974358974
0.5053763440860215 0.45794871794871794
0.505656108597285 0.4584615384615385
0.5053702656868287 0.4584615384615385
0.5050847457627119 0.4584615384615385
0.5047995482778092 0.4584615384615385
0.5045146726862303 0.4584615384615385
0.5042301184433164 0.4584615384615385
0.503945885005637 0.4584615384615385
0.5036619718309859 0.4584615384615385
0.5039414414414415 0.45897435897435895
0.5042205965109735 0.4594871794871795
0.5039370078740157 0.4594871794871795
0.5036537380550872 0.4594871794871795
0.5039325842696629 0.46
0.5042111173498035 0.4605128205128205
0.5039281705948373 0.4605128205128205
0.5036455412226585 0.4605128205128205
0.5039237668161435 0.46102564102564103
0.5042016806722689 0.46153846153846156
0.503919372900336 0.46153846153846156
0.5036373810856184 0.46153846153846156
0.5033557046979866 0.46153846153846156
0.5030743432084964 0.46153846153846156
0.5027932960893855 0.46153846153846156
0.503070910106086 0.46205128205128204
0.5027901785714286 0.46205128205128204
0.5025097601784718 0.46205128205128204
0.5027870680044593 0.4625641025641026
0.5025069637883008 0.4625641025641026
0.5022271714922049 0.4625641025641026
0.5025041736227045 0.46307692307692305
0.5022246941045606 0.46307692307692305
0.5019455252918288 0.46307692307692305
0.5016666666666667 0.46307692307692305
0.5019433647973348 0.4635897435897436
0.5016648168701443 0.4635897435897436
0.5013865779256794 0.4635897435897436
0.5011086474501109 0.4635897435897436
0.5008310249307479 0.4635897435897436
0.5005537098560354 0.4635897435897436
0.5008301051466519 0.4641025641025641
0.5011061946902655 0.4646153846153846
0.5008291873963516 0.4646153846153846
0.5005524861878453 0.4646153846153846
0.5008282716731087 0.46512820512820513
0.5005518763796909 0.46512820512820513
0.5008273579702152 0.46564102564102566
0.5005512679162073 0.46564102564102566
0.5008264462809917 0.46615384615384614
0.5005506607929515 0.46615384615384614
0.500275178866263 0.46615384615384614
0.5 0.46615384615384614
0.4997251236943375 0.46615384615384614
0.49945054945054945 0.46615384615384614
0.499725425590335 0.4666666666666667
0.4994511525795829 0.4666666666666667
0.49917718047174986 0.4666666666666667
0.49890350877192985 0.4666666666666667
0.4986301369863014 0.4666666666666667
0.49835706462212487 0.4666666666666667
0.49808429118773945 0.4666666666666667
0.49835886214442016 0.46717948717948715
0.4980863860032805 0.46717948717948715
0.49781420765027323 0.46717948717948715
0.4975423265974877 0.46717948717948715
0.4972707423580786 0.46717948717948715
0.496999454446263 0.46717948717948715
0.4967284623773173 0.46717948717948715
0.49645776566757494 0.46717948717948715
0.49618736383442263 0.46717948717948715
0.4964616222101252 0.4676923076923077
0.4961915125136017 0.4676923076923077
0.49592169657422513 0.4676923076923077
0.4956521739130435 0.4676923076923077
0.49538294405214556 0.4676923076923077
0.495656894679696 0.4682051282051282
0.49538795442213784 0.4682051282051282
0.49511930585683295 0.4682051282051282
0.4948509485094851 0.4682051282051282
0.4945828819068256 0.4682051282051282
0.49431510557661074 0.4682051282051282
0.4945887445887446 0.4687179487179487
0.4943212547322877 0.4687179487179487
0.4945945945945946 0.46923076923076923
0.49432739059967584 0.46923076923076923
0.49406047516198703 0.46923076923076923
0.4937938478143551 0.46923076923076923
0.4935275080906149 0.46923076923076923
0.49326145552560646 0.46923076923076923
0.49299568965517243 0.46923076923076923
0.4927302100161551 0.46923076923076923
0.492465016146394 0.46923076923076923
0.492200107584723 0.46923076923076923
0.49193548387096775 0.46923076923076923
0.491671144545943 0.46923076923076923
0.49140708915145004 0.46923076923076923
0.49114331723027377 0.46923076923076923
0.49087982832618027 0.46923076923076923
0.4906166219839142 0.46923076923076923
0.4903536977491961 0.46923076923076923
0.49009105516871987 0.46923076923076923
0.48982869379014987 0.46923076923076923
0.4895666131621188 0.46923076923076923
0.4893048128342246 0.46923076923076923
0.48957776590058794 0.46974358974358976
0.4893162393162393 0.46974358974358976
0.4890549919914576 0.46974358974358976
0.48932764140875135 0.47025641025641024
0.48906666666666665 0.47025641025641024
0.48933901918976547 0.4707692307692308
0.48961108151305277 0.4712820512820513
0.4893503727369542 0.4712820512820513
0.48962213943587013 0.4717948717948718
0.4898936170212766 0.4723076923076923
0.48963317384370014 0.4723076923076923
0.4893730074388948 0.4723076923076923
0.48911311736590546 0.4723076923076923
0.4893842887473461 0.4728205128205128
0.4891246684350133 0.4728205128205128
0.48886532343584305 0.4728205128205128
0.48860625331213564 0.4728205128205128
0.4888771186440678 0.47333333333333333
0.4886183165696136 0.47333333333333333
0.4883597883597884 0.47333333333333333
0.4881015335801163 0.47333333333333333
0.48784355179704014 0.47333333333333333
0.48811410459587956 0.47384615384615386
0.48785638859556496 0.47384615384615386
0.48759894459102904 0.47384615384615386
0.4873417721518987 0.47384615384615386
0.4870848708487085 0.47384615384615386
0.48735511064278186 0.47435897435897434
0.48709847288046343 0.47435897435897434
0.48736842105263156 0.4748717948717949
0.48711204629142557 0.4748717948717949
0.4868559411146162 0.4748717948717949
0.4866001050972149 0.4748717948717949
0.48634453781512604 0.4748717948717949
0.4860892388451444 0.4748717948717949
0.4858342077649528 0.4748717948717949
0.4855794441531201 0.4748717948717949
0.48532494758909855 0.4748717948717949
0.4850707176532216 0.4748717948717949
0.4848167539267016 0.4748717948717949
0.4850863422291994 0.4753846153846154
0.4848326359832636 0.4753846153846154
0.4851019341348667 0.4758974358974359
0.48484848484848486 0.4758974358974359
0.4845953002610966 0.4758974358974359
0.4848643006263048 0.4764102564102564
0.4846113719353156 0.4764102564102564
0.48435870698644423 0.4764102564102564
0.48410630536737886 0.4764102564102564
0.48385416666666664 0.4764102564102564
0.4836022904737116 0.4764102564102564
0.4833506763787721 0.4764102564102564
0.4830993239729589 0.4764102564102564
0.48284823284823286 0.4764102564102564
0.4825974025974026 0.4764102564102564
0.48286604361370716 0.47692307692307695
0.48261546445251685 0.47692307692307695
0.4828838174273859 0.4774358974358974
0.48263348885432866 0.4774358974358974
0.4823834196891192 0.4774358974358974
0.48213360952874157 0.4774358974358974
0.48188405797101447 0.4774358974358974
0.4821520951888257 0.47794871794871796
0.4824198552223371 0.47846153846153844
0.4821705426356589 0.47846153846153844
0.4819214876033058 0.47846153846153844
0.481672689726381 0.47846153846153844
0.48194014447884415 0.47897435897435897
0.481691593604951 0.47897435897435897
0.48195876288659795 0.4794871794871795
0.4817104585265327 0.4794871794871795
0.48146240988671474 0.4794871794871795
0.48121461657231085 0.4794871794871795
0.48148148148148145 0.48
0.48123393316195373 0.48
0.48098663926002055 0.48
0.48073959938366717 0.48
0.4804928131416838 0.48
0.48024628014366344 0.48
0.48 0.48
0.48026652998462327 0.4805128205128205
0.4800204918032787 0.4805128205128205
0.4797747055811572 0.4805128205128205
0.48004094165813715 0.48102564102564105
0.47979539641943736 0.48102564102564105
0.47955010224948874 0.48102564102564105
0.4793050587634134 0.48102564102564105
0.4790602655771195 0.48102564102564105
0.47881572230729963 0.48102564102564105
0.4785714285714286 0.48102564102564105
0.47832738398776137 0.48102564102564105
0.4785932721712538 0.4815384615384615
0.478349465104432 0.4815384615384615
0.4786150712830957 0.48205128205128206
0.47837150127226463 0.48205128205128206
0.47812817904374366 0.48205128205128206
0.47788510421962377 0.48205128205128206
0.47764227642276424 0.48205128205128206
0.47739969527679027 0.48205128205128206
0.47766497461928936 0.48256410256410254
0.4774226281075596 0.48256410256410254
0.47718052738336714 0.48256410256410254
0.4769386720729853 0.48256410256410254
0.4766970618034448 0.48256410256410254
0.47645569620253164 0.48256410256410254
0.47621457489878544 0.48256410256410254
0.4759736975214972 0.48256410256410254
0.4762386248736097 0.48307692307692307
0.47599797877716016 0.48307692307692307
0.47575757575757577 0.48307692307692307
0.47602221100454317 0.4835897435897436
0.47578203834510596 0.4835897435897436
0.475542107917297 0.4835897435897436
0.47580645161290325 0.4841025641025641
0.4755667506297229 0.4841025641025641
0.47583081570996977 0.4846153846153846
0.4760946149974836 0.48512820512820515
0.47585513078470826 0.48512820512820515
0.4761186525892408 0.4856410256410256
0.4758793969849246 0.4856410256410256
0.47614264188849825 0.48615384615384616
0.4759036144578313 0.48615384615384616
0.4756648268941295 0.48615384615384616
0.4754262788365095 0.48615384615384616
0.47518796992481205 0.48615384615384616
0.4749498997995992 0.48615384615384616
0.4747120681021532 0.48615384615384616
0.4744744744744745 0.48615384615384616
0.47423711855927964 0.48615384615384616
0.474 0.48615384615384616
